0,player,group,start,destination,status
2.000000,0,6,1,5,IN_TRANSIT
3.000000,1,15,51,47,RDY_TO_MOVE
3.000000,0,6,1,5,IN_TRANSIT
4.000000,0,6,1,5,ARRIVED
4.000000,1,15,51,47,IN_TRANSIT
5.000000,0,1,1,5,IN_TRANSIT
5.000000,1,15,51,47,IN_TRANSIT
6.000000,0,1,1,5,ARRIVED
6.000000,1,15,51,47,ARRIVED
7.000000,1,15,47,39,RDY_TO_MOVE
8.000000,1,15,47,39,IN_TRANSIT
9.000000,1,15,47,39,IN_TRANSIT
10.000000,1,15,47,39,ARRIVED
11.000000,1,15,39,38,RDY_TO_MOVE
11.000000,0,3,1,5,IN_TRANSIT
12.000000,0,3,1,5,IN_TRANSIT
12.000000,1,15,39,38,IN_TRANSIT
13.000000,0,3,1,5,ARRIVED
13.000000,1,15,39,38,IN_TRANSIT
14.000000,1,15,39,38,IN_TRANSIT
15.000000,1,17,51,47,RDY_TO_MOVE
15.000000,1,15,39,38,ARRIVED
16.000000,0,1,5,12,IN_TRANSIT
16.000000,1,17,51,47,IN_TRANSIT
17.000000,0,1,5,12,ARRIVED
17.000000,0,9,1,5,IN_TRANSIT
17.000000,1,17,51,47,IN_TRANSIT
18.000000,0,3,5,11,IN_TRANSIT
18.000000,0,9,1,5,IN_TRANSIT
18.000000,1,17,51,47,ARRIVED
19.000000,1,15,38,39,RDY_TO_MOVE
19.000000,0,3,5,11,IN_TRANSIT
19.000000,0,9,1,5,ARRIVED
20.000000,0,3,5,11,ARRIVED
20.000000,1,15,38,39,IN_TRANSIT
21.000000,1,16,51,47,RDY_TO_MOVE
21.000000,1,15,38,39,IN_TRANSIT
22.000000,0,7,1,5,IN_TRANSIT
22.000000,1,15,38,39,ARRIVED
22.000000,1,16,51,47,IN_TRANSIT
23.000000,1,15,39,38,RDY_TO_MOVE
23.000000,0,7,1,5,IN_TRANSIT
23.000000,1,16,51,47,IN_TRANSIT
24.000000,1,17,47,51,RDY_TO_MOVE
24.000000,0,7,1,5,ARRIVED
24.000000,1,15,39,38,IN_TRANSIT
24.000000,1,16,51,47,ARRIVED
25.000000,1,15,39,38,IN_TRANSIT
25.000000,1,17,47,51,IN_TRANSIT
26.000000,0,9,5,12,IN_TRANSIT
26.000000,1,15,39,38,IN_TRANSIT
26.000000,1,17,47,51,IN_TRANSIT
27.000000,0,9,5,12,IN_TRANSIT
27.000000,0,12,1,5,IN_TRANSIT
27.000000,1,15,39,38,ARRIVED
27.000000,1,17,47,51,IN_TRANSIT
28.000000,0,9,5,12,ARRIVED
28.000000,0,12,1,5,IN_TRANSIT
28.000000,1,17,47,51,ARRIVED
29.000000,0,12,1,5,ARRIVED
30.000000,0,3,11,5,IN_TRANSIT
31.000000,0,1,12,5,IN_TRANSIT
31.000000,0,3,11,5,IN_TRANSIT
32.000000,0,1,12,5,ARRIVED
32.000000,0,3,11,5,IN_TRANSIT
33.000000,0,3,11,5,ARRIVED
33.000000,0,12,5,12,IN_TRANSIT
34.000000,0,12,5,12,IN_TRANSIT
35.000000,0,12,5,12,ARRIVED
36.000000,0,10,1,5,IN_TRANSIT
37.000000,0,10,1,5,IN_TRANSIT
38.000000,1,15,38,30,RDY_TO_MOVE
38.000000,0,10,1,5,ARRIVED
39.000000,1,18,51,47,RDY_TO_MOVE
39.000000,1,15,38,30,IN_TRANSIT
40.000000,0,9,12,11,IN_TRANSIT
40.000000,1,15,38,30,IN_TRANSIT
40.000000,1,18,51,47,IN_TRANSIT
41.000000,0,1,5,1,IN_TRANSIT
41.000000,0,9,12,11,IN_TRANSIT
41.000000,0,12,12,11,IN_TRANSIT
41.000000,1,15,38,30,IN_TRANSIT
41.000000,1,18,51,47,IN_TRANSIT
42.000000,0,1,5,1,ARRIVED
42.000000,0,9,12,11,ARRIVED
42.000000,0,12,12,11,IN_TRANSIT
42.000000,1,15,38,30,ARRIVED
42.000000,1,18,51,47,ARRIVED
43.000000,0,12,12,11,ARRIVED
44.000000,0,3,5,1,IN_TRANSIT
45.000000,1,15,30,37,RDY_TO_MOVE
45.000000,0,3,5,1,IN_TRANSIT
46.000000,1,19,51,47,RDY_TO_MOVE
46.000000,0,3,5,1,IN_TRANSIT
46.000000,1,15,30,37,IN_TRANSIT
47.000000,0,3,5,1,ARRIVED
47.000000,1,15,30,37,IN_TRANSIT
47.000000,1,19,51,47,IN_TRANSIT
48.000000,1,15,30,37,ARRIVED
48.000000,1,19,51,47,IN_TRANSIT
49.000000,1,14,51,47,RDY_TO_MOVE
49.000000,1,19,51,47,ARRIVED
50.000000,1,14,51,47,IN_TRANSIT
51.000000,1,14,51,47,ARRIVED
52.000000,0,4,1,5,IN_TRANSIT
52.000000,0,6,5,11,IN_TRANSIT
53.000000,0,4,1,5,IN_TRANSIT
53.000000,0,6,5,11,IN_TRANSIT
54.000000,0,4,1,5,ARRIVED
54.000000,0,6,5,11,ARRIVED
55.000000,0,7,5,1,IN_TRANSIT
56.000000,1,16,47,39,RDY_TO_MOVE
56.000000,0,6,11,3,IN_TRANSIT
56.000000,0,7,5,1,IN_TRANSIT
56.000000,0,9,11,17,IN_TRANSIT
57.000000,1,20,51,47,RDY_TO_MOVE
57.000000,0,6,11,3,IN_TRANSIT
57.000000,0,7,5,1,IN_TRANSIT
57.000000,0,9,11,17,IN_TRANSIT
57.000000,0,12,11,10,IN_TRANSIT
57.000000,1,16,47,39,IN_TRANSIT
58.000000,0,6,11,3,IN_TRANSIT
58.000000,0,7,5,1,ARRIVED
58.000000,0,9,11,17,ARRIVED
58.000000,0,12,11,10,IN_TRANSIT
58.000000,1,16,47,39,IN_TRANSIT
58.000000,1,20,51,47,IN_TRANSIT
59.000000,0,6,11,3,ARRIVED
59.000000,0,12,11,10,IN_TRANSIT
59.000000,1,16,47,39,ARRIVED
59.000000,1,20,51,47,IN_TRANSIT
60.000000,0,4,5,1,IN_TRANSIT
60.000000,0,12,11,10,ARRIVED
60.000000,1,20,51,47,ARRIVED
61.000000,1,18,47,40,RDY_TO_MOVE
61.000000,0,4,5,1,IN_TRANSIT
62.000000,1,15,37,38,RDY_TO_MOVE
62.000000,0,4,5,1,IN_TRANSIT
62.000000,0,10,5,12,IN_TRANSIT
62.000000,1,18,47,40,IN_TRANSIT
63.000000,0,4,5,1,ARRIVED
63.000000,0,10,5,12,IN_TRANSIT
63.000000,0,12,10,9,IN_TRANSIT
63.000000,1,15,37,38,IN_TRANSIT
63.000000,1,18,47,40,IN_TRANSIT
64.000000,0,6,3,10,IN_TRANSIT
64.000000,0,7,1,5,IN_TRANSIT
64.000000,0,10,5,12,ARRIVED
64.000000,0,12,10,9,IN_TRANSIT
64.000000,1,15,37,38,IN_TRANSIT
64.000000,1,18,47,40,ARRIVED
65.000000,0,6,3,10,IN_TRANSIT
65.000000,0,7,1,5,IN_TRANSIT
65.000000,0,12,10,9,IN_TRANSIT
65.000000,1,15,37,38,ARRIVED
66.000000,0,6,3,10,ARRIVED
66.000000,0,7,1,5,ARRIVED
66.000000,0,9,17,16,IN_TRANSIT
66.000000,0,12,10,9,ARRIVED
67.000000,1,16,39,38,RDY_TO_MOVE
67.000000,0,9,17,16,IN_TRANSIT
68.000000,0,9,17,16,IN_TRANSIT
68.000000,1,16,39,38,IN_TRANSIT
69.000000,0,9,17,16,ARRIVED
69.000000,1,16,39,38,IN_TRANSIT
70.000000,0,7,5,1,IN_TRANSIT
70.000000,1,16,39,38,IN_TRANSIT
71.000000,0,7,5,1,IN_TRANSIT
71.000000,1,16,39,38,ARRIVED
72.000000,0,7,5,1,IN_TRANSIT
73.000000,1,23,51,47,RDY_TO_MOVE
73.000000,0,7,5,1,ARRIVED
74.000000,1,23,51,47,IN_TRANSIT
75.000000,1,16,38,44,RDY_TO_MOVE
75.000000,1,23,51,47,IN_TRANSIT
76.000000,1,16,38,44,IN_TRANSIT
76.000000,1,23,51,47,ARRIVED
77.000000,1,19,47,39,RDY_TO_MOVE
77.000000,0,12,9,17,IN_TRANSIT
77.000000,1,16,38,44,IN_TRANSIT
78.000000,0,6,10,17,IN_TRANSIT
78.000000,0,12,9,17,IN_TRANSIT
78.000000,1,16,38,44,IN_TRANSIT
78.000000,1,19,47,39,IN_TRANSIT
79.000000,0,6,10,17,IN_TRANSIT
79.000000,0,12,9,17,ARRIVED
79.000000,1,16,38,44,ARRIVED
79.000000,1,19,47,39,IN_TRANSIT
80.000000,0,6,10,17,ARRIVED
80.000000,1,19,47,39,ARRIVED
82.000000,1,24,51,47,RDY_TO_MOVE
82.000000,0,9,16,23,IN_TRANSIT
83.000000,0,9,16,23,IN_TRANSIT
83.000000,1,24,51,47,IN_TRANSIT
84.000000,0,9,16,23,IN_TRANSIT
84.000000,1,24,51,47,IN_TRANSIT
85.000000,1,19,39,47,RDY_TO_MOVE
85.000000,0,9,16,23,ARRIVED
85.000000,1,24,51,47,ARRIVED
86.000000,1,19,39,47,IN_TRANSIT
87.000000,1,18,40,47,RDY_TO_MOVE
87.000000,1,19,39,47,IN_TRANSIT
88.000000,0,6,17,16,IN_TRANSIT
88.000000,1,18,40,47,IN_TRANSIT
88.000000,1,19,39,47,IN_TRANSIT
89.000000,0,6,17,16,IN_TRANSIT
89.000000,1,18,40,47,IN_TRANSIT
89.000000,1,19,39,47,ARRIVED
90.000000,0,6,17,16,IN_TRANSIT
90.000000,1,18,40,47,IN_TRANSIT
91.000000,1,16,44,45,RDY_TO_MOVE
91.000000,0,6,17,16,ARRIVED
91.000000,1,18,40,47,ARRIVED
92.000000,0,7,1,5,IN_TRANSIT
92.000000,1,16,44,45,IN_TRANSIT
93.000000,1,15,38,45,RDY_TO_MOVE
93.000000,0,7,1,5,IN_TRANSIT
93.000000,1,16,44,45,IN_TRANSIT
94.000000,1,13,51,47,RDY_TO_MOVE
94.000000,0,3,1,5,IN_TRANSIT
94.000000,0,7,1,5,ARRIVED
94.000000,1,15,38,45,IN_TRANSIT
94.000000,1,16,44,45,ARRIVED
95.000000,1,24,47,40,RDY_TO_MOVE
95.000000,0,3,1,5,IN_TRANSIT
95.000000,1,13,51,47,IN_TRANSIT
95.000000,1,15,38,45,IN_TRANSIT
96.000000,0,3,1,5,ARRIVED
96.000000,1,13,51,47,ARRIVED
96.000000,1,15,38,45,IN_TRANSIT
96.000000,1,24,47,40,IN_TRANSIT
97.000000,0,2,1,5,IN_TRANSIT
97.000000,1,15,38,45,ARRIVED
97.000000,1,24,47,40,IN_TRANSIT
98.000000,0,2,1,5,ARRIVED
98.000000,0,9,23,16,IN_TRANSIT
98.000000,1,24,47,40,ARRIVED
99.000000,1,18,47,40,RDY_TO_MOVE
99.000000,0,9,23,16,IN_TRANSIT
100.000000,1,19,47,40,RDY_TO_MOVE
100.000000,0,9,23,16,ARRIVED
100.000000,0,12,17,23,IN_TRANSIT
100.000000,1,18,47,40,IN_TRANSIT
101.000000,0,12,17,23,IN_TRANSIT
101.000000,1,18,47,40,IN_TRANSIT
101.000000,1,19,47,40,IN_TRANSIT
102.000000,0,12,17,23,IN_TRANSIT
102.000000,1,18,47,40,ARRIVED
102.000000,1,19,47,40,IN_TRANSIT
103.000000,0,12,17,23,ARRIVED
103.000000,1,19,47,40,ARRIVED
107.000000,1,20,47,51,RDY_TO_MOVE
108.000000,0,9,16,24,IN_TRANSIT
108.000000,1,20,47,51,IN_TRANSIT
109.000000,0,9,16,24,IN_TRANSIT
109.000000,0,12,23,30,IN_TRANSIT
109.000000,1,20,47,51,IN_TRANSIT
110.000000,0,9,16,24,ARRIVED
110.000000,0,12,23,30,IN_TRANSIT
110.000000,1,20,47,51,IN_TRANSIT
111.000000,0,12,23,30,ARRIVED
111.000000,1,20,47,51,ARRIVED
112.000000,1,13,47,40,RDY_TO_MOVE
113.000000,1,13,47,40,IN_TRANSIT
114.000000,1,13,47,40,ARRIVED
115.000000,1,16,45,38,RDY_TO_MOVE
116.000000,0,6,16,10,IN_TRANSIT
116.000000,1,16,45,38,IN_TRANSIT
117.000000,0,6,16,10,IN_TRANSIT
117.000000,1,16,45,38,IN_TRANSIT
118.000000,0,6,16,10,ARRIVED
118.000000,1,16,45,38,ARRIVED
121.000000,1,13,40,34,RDY_TO_MOVE
121.000000,0,5,1,5,IN_TRANSIT
122.000000,1,24,40,39,RDY_TO_MOVE
122.000000,0,5,1,5,IN_TRANSIT
122.000000,0,10,12,20,IN_TRANSIT
122.000000,1,13,40,34,IN_TRANSIT
123.000000,1,20,51,47,RDY_TO_MOVE
123.000000,0,5,1,5,ARRIVED
123.000000,0,10,12,20,IN_TRANSIT
123.000000,1,13,40,34,ARRIVED
123.000000,1,24,40,39,IN_TRANSIT
124.000000,0,10,12,20,ARRIVED
124.000000,1,20,51,47,IN_TRANSIT
124.000000,1,24,40,39,IN_TRANSIT
125.000000,1,23,47,40,RDY_TO_MOVE
125.000000,0,7,5,1,IN_TRANSIT
125.000000,0,12,30,38,IN_TRANSIT
125.000000,1,20,51,47,IN_TRANSIT
125.000000,1,24,40,39,ARRIVED
126.000000,0,7,5,1,IN_TRANSIT
126.000000,0,12,30,38,IN_TRANSIT
126.000000,1,20,51,47,ARRIVED
126.000000,1,23,47,40,IN_TRANSIT
127.000000,0,6,10,2,IN_TRANSIT
127.000000,0,7,5,1,IN_TRANSIT
127.000000,0,12,30,38,ARRIVED
127.000000,1,23,47,40,IN_TRANSIT
128.000000,0,6,10,2,IN_TRANSIT
128.000000,0,7,5,1,ARRIVED
128.000000,0,8,1,5,IN_TRANSIT
128.000000,1,23,47,40,ARRIVED
129.000000,1,19,40,39,RDY_TO_MOVE
129.000000,1,23,40,34,RDY_TO_MOVE
129.000000,0,4,1,5,IN_TRANSIT
129.000000,0,6,10,2,IN_TRANSIT
129.000000,0,8,1,5,IN_TRANSIT
130.000000,0,4,1,5,IN_TRANSIT
130.000000,0,6,10,2,ARRIVED
130.000000,0,8,1,5,ARRIVED
130.000000,1,19,40,39,IN_TRANSIT
130.000000,1,23,40,34,IN_TRANSIT
131.000000,0,4,1,5,ARRIVED
131.000000,1,19,40,39,IN_TRANSIT
131.000000,1,23,40,34,IN_TRANSIT
132.000000,1,24,39,38,RDY_TO_MOVE
132.000000,1,20,47,39,RDY_TO_MOVE
132.000000,1,19,40,39,ARRIVED
132.000000,1,23,40,34,ARRIVED
133.000000,1,20,47,39,IN_TRANSIT
133.000000,1,24,39,38,IN_TRANSIT
134.000000,1,16,38,44,RDY_TO_MOVE
134.000000,0,10,20,12,IN_TRANSIT
134.000000,1,20,47,39,IN_TRANSIT
134.000000,1,24,39,38,IN_TRANSIT
135.000000,0,10,20,12,IN_TRANSIT
135.000000,1,16,38,44,IN_TRANSIT
135.000000,1,20,47,39,ARRIVED
135.000000,1,24,39,38,IN_TRANSIT
136.000000,0,10,20,12,IN_TRANSIT
136.000000,1,16,38,44,IN_TRANSIT
136.000000,1,24,39,38,ARRIVED
137.000000,0,10,20,12,ARRIVED
137.000000,1,16,38,44,IN_TRANSIT
138.000000,0,3,5,12,IN_TRANSIT
138.000000,1,16,38,44,ARRIVED
139.000000,0,3,5,12,IN_TRANSIT
139.000000,0,4,5,12,IN_TRANSIT
139.000000,0,7,1,5,IN_TRANSIT
140.000000,1,23,34,35,RDY_TO_MOVE
140.000000,0,3,5,12,ARRIVED
140.000000,0,4,5,12,IN_TRANSIT
140.000000,0,7,1,5,IN_TRANSIT
141.000000,1,16,44,37,RDY_TO_MOVE
141.000000,1,24,38,31,RDY_TO_MOVE
141.000000,0,4,5,12,ARRIVED
141.000000,0,7,1,5,ARRIVED
141.000000,1,23,34,35,IN_TRANSIT
142.000000,1,16,44,37,IN_TRANSIT
142.000000,1,23,34,35,IN_TRANSIT
142.000000,1,24,38,31,IN_TRANSIT
143.000000,0,4,12,20,IN_TRANSIT
143.000000,1,16,44,37,IN_TRANSIT
143.000000,1,23,34,35,IN_TRANSIT
143.000000,1,24,38,31,IN_TRANSIT
144.000000,0,2,5,11,IN_TRANSIT
144.000000,0,4,12,20,IN_TRANSIT
144.000000,1,16,44,37,ARRIVED
144.000000,1,23,34,35,ARRIVED
144.000000,1,24,38,31,ARRIVED
145.000000,0,2,5,11,ARRIVED
145.000000,0,4,12,20,ARRIVED
146.000000,0,7,5,12,IN_TRANSIT
147.000000,1,13,34,42,RDY_TO_MOVE
147.000000,1,19,39,40,RDY_TO_MOVE
147.000000,0,3,12,11,IN_TRANSIT
147.000000,0,7,5,12,IN_TRANSIT
148.000000,1,15,45,37,RDY_TO_MOVE
148.000000,0,3,12,11,IN_TRANSIT
148.000000,0,7,5,12,ARRIVED
148.000000,1,13,34,42,IN_TRANSIT
148.000000,1,19,39,40,IN_TRANSIT
149.000000,1,14,47,40,RDY_TO_MOVE
149.000000,0,3,12,11,ARRIVED
149.000000,1,13,34,42,ARRIVED
149.000000,1,15,45,37,IN_TRANSIT
149.000000,1,19,39,40,IN_TRANSIT
150.000000,1,23,35,27,RDY_TO_MOVE
150.000000,0,5,5,1,IN_TRANSIT
150.000000,1,14,47,40,IN_TRANSIT
150.000000,1,15,45,37,IN_TRANSIT
150.000000,1,19,39,40,ARRIVED
