0,player1,player2,status,focus
0.000000,1100.0,1100.0,0,14
1.000000,1100.0,1100.0,0,14
2.000000,1100.0,1100.0,0,14
3.000000,1100.0,1100.0,0,14
4.000000,1108.0,1100.0,0,14
5.000000,1116.0,1100.0,0,14
6.000000,1124.0,1100.0,0,14
7.000000,1144.0,1108.0,0,14
8.000000,1164.0,1124.0,0,14
9.000000,1184.0,1140.0,0,14
10.000000,1204.0,1140.0,0,2
11.000000,1232.0,1140.0,0,2
12.000000,1260.0,1148.0,0,2
13.000000,1380.0,1164.0,0,2
14.000000,1396.0,1180.0,0,2
15.000000,1500.0,1188.0,0,2
16.000000,1508.0,1196.0,0,2
17.000000,1516.0,1212.0,0,2
18.000000,1540.0,1236.0,0,2
19.000000,1564.0,1260.0,0,2
20.000000,1588.0,1292.0,0,22
21.000000,1612.0,1420.0,0,22
22.000000,1636.0,1428.0,0,22
23.000000,1756.0,1436.0,0,22
24.000000,1764.0,1460.0,0,22
25.000000,1772.0,1580.0,0,22
26.000000,1780.0,1596.0,0,22
27.000000,1788.0,1612.0,0,22
28.000000,1796.0,1620.0,0,22
29.000000,1900.0,1628.0,0,22
30.000000,1900.0,1732.0,0,1
31.000000,1908.0,1732.0,0,1
32.000000,1928.0,1732.0,0,1
33.000000,1948.0,1732.0,0,1
34.000000,1976.0,1740.0,0,1
35.000000,2100.0,1748.0,0,1
36.000000,2100.0,1748.0,0,1
37.000000,2100.0,1748.0,0,1
38.000000,2100.0,1748.0,0,1
39.000000,2100.0,1756.0,0,1
40.000000,2100.0,1764.0,0,18
41.000000,2100.0,1772.0,0,18
42.000000,2100.0,1780.0,0,18
43.000000,2100.0,1796.0,0,18
44.000000,2100.0,1820.0,0,18
45.000000,2100.0,1844.0,0,18
46.000000,2112.0,1868.0,0,18
47.000000,2124.0,1892.0,0,18
48.000000,2136.0,1916.0,0,18
49.000000,2148.0,1948.0,0,18
50.000000,2160.0,1980.0,0,19
51.000000,2172.0,2012.0,0,19
52.000000,2200.0,2124.0,0,19
53.000000,2228.0,2124.0,0,19
54.000000,2348.0,2132.0,0,19
55.000000,2364.0,2140.0,0,19
56.000000,2380.0,2156.0,0,19
57.000000,2396.0,2172.0,0,19
58.000000,2404.0,2188.0,0,19
59.000000,2412.0,2204.0,0,19
60.000000,2428.0,2228.0,0,19
61.000000,2444.0,2244.0,0,19
62.000000,2460.0,2260.0,0,19
63.000000,2476.0,2380.0,0,19
64.000000,2588.0,2412.0,0,19
65.000000,2608.0,2540.0,0,19
66.000000,2628.0,2660.0,0,19
67.000000,2648.0,2772.0,0,19
68.000000,2660.0,2780.0,0,19
69.000000,2672.0,2788.0,0,19
70.000000,2692.0,2788.0,0,4
71.000000,2712.0,2788.0,0,4
72.000000,2732.0,2788.0,0,4
73.000000,2836.0,2788.0,0,4
74.000000,2836.0,2788.0,0,4
75.000000,2835.0,2788.0,0,4
76.000000,2835.0,2788.0,0,4
77.000000,2834.0,2787.0,0,4
78.000000,2833.0,2786.0,0,4
79.000000,2841.0,2794.0,0,4
80.000000,2848.0,2802.0,0,7
81.000000,2856.0,2809.0,0,7
82.000000,2863.0,2817.0,0,7
83.000000,2879.0,2825.0,0,7
84.000000,2895.0,2833.0,0,7
85.000000,2911.0,2841.0,0,7
86.000000,2919.0,2849.0,0,7
87.000000,2927.0,2953.0,0,7
88.000000,2935.0,2953.0,0,7
89.000000,2943.0,2953.0,0,7
90.000000,2943.0,2961.0,0,21
91.000000,3039.0,2969.0,0,21
92.000000,3039.0,2977.0,0,21
93.000000,3051.0,2985.0,0,21
94.000000,3051.0,2993.0,0,21
95.000000,3059.0,3009.0,0,21
96.000000,3067.0,3017.0,0,21
97.000000,3171.0,3033.0,0,21
98.000000,3171.0,3049.0,0,21
99.000000,3171.0,3065.0,0,21
100.000000,3179.0,3081.0,0,21
101.000000,3187.0,3097.0,0,21
102.000000,3195.0,3113.0,0,21
103.000000,3203.0,3129.0,0,21
104.000000,3307.0,3144.0,0,21
105.000000,3307.0,3160.0,0,21
106.000000,3307.0,3160.0,0,21
107.000000,3307.0,3160.0,0,21
108.000000,3307.0,3160.0,0,21
109.000000,3315.0,3264.0,0,21
110.000000,3323.0,3264.0,0,10
111.000000,3223.0,3264.0,0,10
112.000000,3223.0,3264.0,0,10
113.000000,3215.0,3272.0,0,10
114.000000,3215.0,3280.0,0,10
115.000000,3215.0,3288.0,0,10
116.000000,3215.0,3312.0,0,10
117.000000,3207.0,3432.0,0,10
118.000000,3199.0,3544.0,0,10
119.000000,3191.0,3552.0,0,10
120.000000,3183.0,3560.0,0,16
121.000000,3175.0,3560.0,0,16
122.000000,3175.0,3560.0,0,16
123.000000,3167.0,3560.0,0,16
124.000000,3167.0,3568.0,0,16
125.000000,3167.0,3584.0,0,16
126.000000,3167.0,3600.0,0,16
127.000000,3167.0,3616.0,0,16
128.000000,3167.0,3640.0,0,16
129.000000,3167.0,3664.0,0,16
130.000000,3166.0,3783.0,0,22
131.000000,3166.0,3791.0,0,22
132.000000,3182.0,3799.0,0,22
133.000000,3198.0,3815.0,0,22
134.000000,3322.0,3831.0,0,22
135.000000,3330.0,3943.0,0,22
136.000000,3330.0,3951.0,0,22
137.000000,3329.0,3957.0,0,22
138.000000,3329.0,3965.0,0,22
139.000000,3329.0,3972.0,0,22
140.000000,3329.0,3979.0,0,14
141.000000,3329.0,3986.0,0,14
142.000000,3327.0,4089.0,0,14
143.000000,3327.0,4089.0,0,14
144.000000,3326.0,4088.0,0,14
145.000000,3326.0,4088.0,0,14
146.000000,3326.0,4087.0,0,14
147.000000,3325.0,4087.0,0,14
148.000000,3324.0,4086.0,0,14
149.000000,3324.0,4086.0,0,14
150.000000,3324.0,4086.0,1,22
