0,player1,player2,status,focus
0.000000,1100.0,1100.0,0,14
1.000000,1100.0,1100.0,0,14
2.000000,1100.0,1100.0,0,14
3.000000,1100.0,1100.0,0,14
4.000000,1099.0,1099.0,0,14
5.000000,1098.0,1098.0,0,14
6.000000,1097.0,1097.0,0,14
7.000000,1096.0,1096.0,0,14
8.000000,1095.0,1095.0,0,14
9.000000,1095.0,1095.0,0,14
10.000000,1094.0,1094.0,0,24
11.000000,1094.0,1094.0,0,24
12.000000,1094.0,1094.0,0,24
13.000000,1093.0,1093.0,0,24
14.000000,1093.0,1093.0,0,24
15.000000,1093.0,1093.0,0,24
16.000000,1093.0,1093.0,0,24
17.000000,1093.0,1093.0,0,24
18.000000,1092.0,1092.0,0,24
19.000000,1092.0,1092.0,0,24
20.000000,1092.0,1092.0,0,9
21.000000,1092.0,1092.0,0,9
22.000000,1092.0,1092.0,0,9
23.000000,1092.0,1092.0,0,9
24.000000,1092.0,1092.0,0,9
25.000000,1092.0,1092.0,0,9
26.000000,1092.0,1092.0,0,9
27.000000,1092.0,1092.0,0,9
28.000000,1092.0,1092.0,0,9
29.000000,1092.0,1092.0,0,9
30.000000,1092.0,1092.0,0,17
31.000000,1092.0,1092.0,0,17
32.000000,1092.0,1092.0,0,17
33.000000,1092.0,1092.0,0,17
34.000000,1092.0,1092.0,0,17
35.000000,1092.0,1092.0,0,17
36.000000,1092.0,1092.0,0,17
37.000000,1092.0,1092.0,0,17
38.000000,1092.0,1092.0,0,17
39.000000,1092.0,1092.0,0,17
40.000000,1092.0,1092.0,0,12
41.000000,1092.0,1092.0,0,12
42.000000,1092.0,1092.0,0,12
43.000000,1092.0,1092.0,0,12
44.000000,1092.0,1092.0,0,12
45.000000,1092.0,1092.0,0,12
46.000000,1092.0,1092.0,0,12
47.000000,1092.0,1092.0,0,12
48.000000,1092.0,1092.0,0,12
49.000000,1092.0,1092.0,0,12
50.000000,1092.0,1092.0,0,12
51.000000,1092.0,1092.0,0,12
52.000000,1092.0,1092.0,0,12
53.000000,1092.0,1092.0,0,12
54.000000,1092.0,1092.0,0,12
55.000000,1092.0,1092.0,0,12
56.000000,1092.0,1092.0,0,12
57.000000,1092.0,1092.0,0,12
58.000000,1092.0,1092.0,0,12
59.000000,1092.0,1092.0,0,12
60.000000,1092.0,1092.0,0,6
61.000000,1092.0,1092.0,0,6
62.000000,1092.0,1092.0,0,6
63.000000,1092.0,1092.0,0,6
64.000000,1092.0,1092.0,0,6
65.000000,1092.0,1092.0,0,6
66.000000,1092.0,1092.0,0,6
67.000000,1092.0,1092.0,0,6
68.000000,1092.0,1092.0,0,6
69.000000,1092.0,1092.0,0,6
70.000000,1092.0,1092.0,0,20
71.000000,1092.0,1092.0,0,20
72.000000,1092.0,1092.0,0,20
73.000000,1092.0,1092.0,0,20
74.000000,1092.0,1092.0,0,20
75.000000,1092.0,1092.0,0,20
76.000000,1092.0,1092.0,0,20
77.000000,1092.0,1092.0,0,20
78.000000,1092.0,1092.0,0,20
79.000000,1092.0,1092.0,0,20
80.000000,1092.0,1092.0,0,23
81.000000,1092.0,1092.0,0,23
82.000000,1092.0,1092.0,0,23
83.000000,1092.0,1092.0,0,23
84.000000,1092.0,1092.0,0,23
85.000000,1092.0,1092.0,0,23
86.000000,1092.0,1092.0,0,23
87.000000,1092.0,1092.0,0,23
88.000000,1092.0,1092.0,0,23
89.000000,1092.0,1092.0,0,23
90.000000,1092.0,1092.0,0,21
91.000000,1092.0,1092.0,0,21
92.000000,1092.0,1092.0,0,21
93.000000,1092.0,1092.0,0,21
94.000000,1092.0,1092.0,0,21
95.000000,1092.0,1092.0,0,21
96.000000,1092.0,1092.0,0,21
97.000000,1092.0,1092.0,0,21
98.000000,1092.0,1092.0,0,21
99.000000,1092.0,1092.0,0,21
100.000000,1092.0,1092.0,0,5
101.000000,1092.0,1092.0,0,5
102.000000,1092.0,1092.0,0,5
103.000000,1092.0,1092.0,0,5
104.000000,1092.0,1092.0,0,5
105.000000,1092.0,1092.0,0,5
106.000000,1092.0,1092.0,0,5
107.000000,1092.0,1092.0,0,5
108.000000,1092.0,1092.0,0,5
109.000000,1092.0,1092.0,0,5
110.000000,1092.0,1092.0,0,21
111.000000,1092.0,1092.0,0,21
112.000000,1092.0,1092.0,0,21
113.000000,1092.0,1092.0,0,21
114.000000,1092.0,1092.0,0,21
115.000000,1092.0,1092.0,0,21
116.000000,1092.0,1092.0,0,21
117.000000,1092.0,1092.0,0,21
118.000000,1092.0,1092.0,0,21
119.000000,1092.0,1092.0,0,21
120.000000,1092.0,1092.0,0,17
121.000000,1092.0,1092.0,0,17
122.000000,1092.0,1092.0,0,17
123.000000,1092.0,1092.0,0,17
124.000000,1092.0,1092.0,0,17
125.000000,1092.0,1092.0,0,17
126.000000,1092.0,1092.0,0,17
127.000000,1092.0,1092.0,0,17
128.000000,1092.0,1092.0,0,17
129.000000,1092.0,1092.0,0,17
130.000000,1092.0,1092.0,0,15
131.000000,1092.0,1092.0,0,15
132.000000,1092.0,1092.0,0,15
133.000000,1092.0,1092.0,0,15
134.000000,1092.0,1092.0,0,15
135.000000,1092.0,1092.0,0,15
136.000000,1092.0,1092.0,0,15
137.000000,1092.0,1092.0,0,15
138.000000,1092.0,1092.0,0,15
139.000000,1092.0,1092.0,0,15
140.000000,1092.0,1092.0,0,18
141.000000,1092.0,1092.0,0,18
142.000000,1092.0,1092.0,0,18
143.000000,1092.0,1092.0,0,18
144.000000,1092.0,1092.0,0,18
145.000000,1092.0,1092.0,0,18
146.000000,1092.0,1092.0,0,18
147.000000,1092.0,1092.0,0,18
148.000000,1092.0,1092.0,0,18
149.000000,1092.0,1092.0,0,18
150.000000,1092.0,1092.0,1,12
