0,player1,player2,status,focus
0.000000,1100.0,1100.0,0,22
1.000000,1100.0,1100.0,0,22
2.000000,1100.0,1100.0,0,22
3.000000,1100.0,1100.0,0,22
4.000000,1100.0,1100.0,0,22
5.000000,1100.0,1100.0,0,22
6.000000,1100.0,1100.0,0,22
7.000000,1100.0,1100.0,0,22
8.000000,1108.0,1108.0,0,22
9.000000,1116.0,1116.0,0,22
10.000000,1124.0,1132.0,0,9
11.000000,1132.0,1148.0,0,9
12.000000,1140.0,1164.0,0,9
13.000000,1160.0,1180.0,0,9
14.000000,1180.0,1204.0,0,9
15.000000,1300.0,1332.0,0,9
16.000000,1300.0,1340.0,0,9
17.000000,1300.0,1348.0,0,9
18.000000,1300.0,1356.0,0,9
19.000000,1300.0,1372.0,0,9
20.000000,1312.0,1388.0,0,0
21.000000,1324.0,1396.0,0,0
22.000000,1344.0,1404.0,0,0
23.000000,1364.0,1412.0,0,0
24.000000,1384.0,1436.0,0,0
25.000000,1500.0,1460.0,0,0
26.000000,1500.0,1476.0,0,0
27.000000,1500.0,1492.0,0,0
28.000000,1500.0,1508.0,0,0
29.000000,1500.0,1524.0,0,0
30.000000,1500.0,1548.0,0,19
31.000000,1508.0,1668.0,0,19
32.000000,1516.0,1676.0,0,19
33.000000,1524.0,1676.0,0,19
34.000000,1532.0,1676.0,0,19
35.000000,1540.0,1676.0,0,19
36.000000,1548.0,1684.0,0,19
37.000000,1556.0,1692.0,0,19
38.000000,1564.0,1700.0,0,19
39.000000,1572.0,1716.0,0,19
40.000000,1580.0,1732.0,0,16
41.000000,1588.0,1748.0,0,16
42.000000,1596.0,1764.0,0,16
43.000000,1700.0,1780.0,0,16
44.000000,1700.0,1796.0,0,16
45.000000,1700.0,1908.0,0,16
46.000000,1700.0,1916.0,0,16
47.000000,1700.0,1924.0,0,16
48.000000,1700.0,2028.0,0,16
49.000000,1700.0,2036.0,0,16
50.000000,1700.0,2044.0,0,0
51.000000,1700.0,2052.0,0,0
52.000000,1700.0,2060.0,0,0
53.000000,1700.0,2076.0,0,0
54.000000,1700.0,2092.0,0,0
55.000000,1708.0,2108.0,0,0
56.000000,1708.0,2124.0,0,0
57.000000,1708.0,2140.0,0,0
58.000000,1708.0,2156.0,0,0
59.000000,1708.0,2172.0,0,0
60.000000,1724.0,2188.0,0,1
61.000000,1740.0,2196.0,0,1
62.000000,1756.0,2204.0,0,1
63.000000,1764.0,2212.0,0,1
64.000000,1772.0,2324.0,0,1
65.000000,1780.0,2436.0,0,1
66.000000,1788.0,2444.0,0,1
67.000000,1804.0,2452.0,0,1
68.000000,1820.0,2556.0,0,1
69.000000,1836.0,2556.0,0,1
70.000000,1860.0,2556.0,0,0
71.000000,1876.0,2556.0,0,0
72.000000,1988.0,2556.0,0,0
73.000000,1996.0,2564.0,0,0
74.000000,2004.0,2572.0,0,0
75.000000,2012.0,2580.0,0,0
76.000000,2020.0,2588.0,0,0
77.000000,2028.0,2596.0,0,0
78.000000,2036.0,2700.0,0,0
79.000000,2052.0,2700.0,0,0
80.000000,2068.0,2700.0,0,7
81.000000,2172.0,2700.0,0,7
82.000000,2172.0,2700.0,0,7
83.000000,2172.0,2700.0,0,7
84.000000,2180.0,2700.0,0,7
85.000000,2188.0,2700.0,0,7
86.000000,2196.0,2700.0,0,7
87.000000,2204.0,2700.0,0,7
88.000000,2212.0,2700.0,0,7
89.000000,2220.0,2700.0,0,7
90.000000,2236.0,2700.0,0,6
91.000000,2260.0,2700.0,0,6
92.000000,2276.0,2700.0,0,6
93.000000,2284.0,2700.0,0,6
94.000000,2292.0,2700.0,0,6
95.000000,2300.0,2700.0,0,6
96.000000,2404.0,2700.0,0,6
97.000000,2404.0,2700.0,0,6
98.000000,2404.0,2700.0,0,6
99.000000,2404.0,2700.0,0,6
100.000000,2412.0,2700.0,0,21
101.000000,2428.0,2708.0,0,21
102.000000,2540.0,2716.0,0,21
103.000000,2540.0,2724.0,0,21
104.000000,2540.0,2740.0,0,21
105.000000,2540.0,2756.0,0,21
106.000000,2540.0,2764.0,0,21
107.000000,2540.0,2772.0,0,21
108.000000,2540.0,2780.0,0,21
109.000000,2540.0,2788.0,0,21
110.000000,2540.0,2780.0,0,2
111.000000,2540.0,2764.0,0,2
112.000000,2540.0,2748.0,0,2
113.000000,2432.0,2732.0,0,2
114.000000,2424.0,2724.0,0,2
115.000000,2432.0,2732.0,0,2
116.000000,2440.0,2740.0,0,2
117.000000,2448.0,2740.0,0,2
118.000000,2448.0,2740.0,0,2
119.000000,2448.0,2740.0,0,2
120.000000,2452.0,2752.0,0,24
121.000000,2456.0,2764.0,0,24
122.000000,2460.0,2776.0,0,24
123.000000,2463.0,2788.0,0,24
124.000000,2574.0,2787.0,0,24
125.000000,2581.0,2786.0,0,24
126.000000,2589.0,2786.0,0,24
127.000000,2597.0,2784.0,0,24
128.000000,2604.0,2784.0,0,24
129.000000,2596.0,2783.0,0,24
130.000000,2588.0,2783.0,0,6
131.000000,2592.0,2803.0,0,6
132.000000,2696.0,2827.0,0,6
133.000000,2696.0,2851.0,0,6
134.000000,2696.0,2867.0,0,6
135.000000,2696.0,2883.0,0,6
136.000000,2696.0,2899.0,0,6
137.000000,2696.0,3007.0,0,6
138.000000,2696.0,3007.0,0,6
139.000000,2696.0,3007.0,0,6
140.000000,2696.0,2899.0,0,12
141.000000,2696.0,2891.0,0,12
142.000000,2696.0,2883.0,0,12
143.000000,2696.0,2875.0,0,12
144.000000,2696.0,2867.0,0,12
145.000000,2696.0,2859.0,0,12
146.000000,2696.0,2859.0,0,12
147.000000,2696.0,2859.0,0,12
148.000000,2696.0,2858.0,0,12
149.000000,2695.0,2857.0,0,12
150.000000,2695.0,2865.0,1,17
