0,player1,player2,status,focus
0.000000,1100.0,1100.0,0,21
1.000000,1100.0,1100.0,0,21
2.000000,1100.0,1100.0,0,21
3.000000,1100.0,1100.0,0,21
4.000000,1100.0,1108.0,0,21
5.000000,1108.0,1124.0,0,21
6.000000,1116.0,1148.0,0,21
7.000000,1140.0,1172.0,0,21
8.000000,1156.0,1196.0,0,21
9.000000,1180.0,1220.0,0,21
10.000000,1212.0,1252.0,0,1
11.000000,1252.0,1292.0,0,1
12.000000,1300.0,1340.0,0,1
13.000000,1348.0,1580.0,0,1
14.000000,1500.0,1604.0,0,1
15.000000,1636.0,1628.0,0,1
16.000000,1660.0,1748.0,0,1
17.000000,1780.0,1756.0,0,1
18.000000,1796.0,1764.0,0,1
19.000000,1812.0,1772.0,0,1
20.000000,1836.0,1780.0,0,19
21.000000,1860.0,1796.0,0,19
22.000000,1884.0,1812.0,0,19
23.000000,1996.0,1924.0,0,19
24.000000,2100.0,1932.0,0,19
25.000000,2100.0,1940.0,0,19
26.000000,2100.0,1948.0,0,19
27.000000,2100.0,1956.0,0,19
28.000000,2100.0,1964.0,0,19
29.000000,2100.0,1972.0,0,19
30.000000,2100.0,1972.0,0,16
31.000000,2100.0,1972.0,0,16
32.000000,2100.0,1972.0,0,16
33.000000,2108.0,1972.0,0,16
34.000000,2116.0,1980.0,0,16
35.000000,2124.0,1996.0,0,16
36.000000,2132.0,2012.0,0,16
37.000000,2140.0,2028.0,0,16
38.000000,2148.0,2044.0,0,16
39.000000,2156.0,2060.0,0,16
40.000000,2164.0,2076.0,0,18
41.000000,2172.0,2092.0,0,18
42.000000,2180.0,2108.0,0,18
43.000000,2196.0,2124.0,0,18
44.000000,2212.0,2140.0,0,18
45.000000,2316.0,2164.0,0,18
46.000000,2324.0,2284.0,0,18
47.000000,2332.0,2292.0,0,18
48.000000,2332.0,2396.0,0,18
49.000000,2332.0,2404.0,0,18
50.000000,2332.0,2412.0,0,18
51.000000,2332.0,2420.0,0,18
52.000000,2340.0,2428.0,0,18
53.000000,2356.0,2436.0,0,18
54.000000,2372.0,2436.0,0,18
55.000000,2388.0,2436.0,0,18
56.000000,2404.0,2444.0,0,18
57.000000,2420.0,2452.0,0,18
58.000000,2532.0,2452.0,0,18
59.000000,2532.0,2452.0,0,18
60.000000,2540.0,2452.0,0,24
61.000000,2548.0,2452.0,0,24
62.000000,2556.0,2468.0,0,24
63.000000,2564.0,2484.0,0,24
64.000000,2572.0,2500.0,0,24
65.000000,2588.0,2516.0,0,24
66.000000,2612.0,2532.0,0,24
67.000000,2732.0,2548.0,0,24
68.000000,2760.0,2564.0,0,24
69.000000,2788.0,2580.0,0,24
70.000000,2808.0,2596.0,0,24
71.000000,2828.0,2612.0,0,24
72.000000,2848.0,2628.0,0,24
73.000000,2868.0,2644.0,0,24
74.000000,2888.0,2852.0,0,24
75.000000,2908.0,2852.0,0,24
76.000000,3020.0,2860.0,0,24
77.000000,3028.0,2868.0,0,24
78.000000,3036.0,2876.0,0,24
79.000000,3044.0,2892.0,0,24
80.000000,3148.0,2908.0,0,6
81.000000,3160.0,2924.0,0,6
82.000000,3172.0,2940.0,0,6
83.000000,3184.0,2956.0,0,6
84.000000,3196.0,2972.0,0,6
85.000000,3208.0,2988.0,0,6
86.000000,3220.0,3004.0,0,6
87.000000,3232.0,3020.0,0,6
88.000000,3244.0,3132.0,0,6
89.000000,3348.0,3140.0,0,6
90.000000,3348.0,3140.0,0,6
91.000000,3348.0,3140.0,0,6
92.000000,3348.0,3140.0,0,6
93.000000,3356.0,3140.0,0,6
94.000000,3364.0,3140.0,0,6
95.000000,3372.0,3140.0,0,6
96.000000,3380.0,3140.0,0,6
97.000000,3396.0,3140.0,0,6
98.000000,3412.0,3140.0,0,6
99.000000,3428.0,3140.0,0,6
100.000000,3444.0,3140.0,0,19
101.000000,3460.0,3140.0,0,19
102.000000,3476.0,3140.0,0,19
103.000000,3492.0,3244.0,0,19
104.000000,3508.0,3244.0,0,19
105.000000,3620.0,3244.0,0,19
106.000000,3628.0,3244.0,0,19
107.000000,3636.0,3244.0,0,19
108.000000,3644.0,3260.0,0,19
109.000000,3748.0,3276.0,0,19
110.000000,3748.0,3292.0,0,11
111.000000,3748.0,3308.0,0,11
112.000000,3748.0,3324.0,0,11
113.000000,3748.0,3340.0,0,11
114.000000,3748.0,3348.0,0,11
115.000000,3748.0,3348.0,0,11
116.000000,3748.0,3348.0,0,11
117.000000,3748.0,3356.0,0,11
118.000000,3748.0,3356.0,0,11
119.000000,3748.0,3356.0,0,11
120.000000,3640.0,3347.0,0,23
121.000000,3532.0,3347.0,0,23
122.000000,3524.0,3347.0,0,23
123.000000,3516.0,3339.0,0,23
124.000000,3508.0,3331.0,0,23
125.000000,3500.0,3323.0,0,23
126.000000,3500.0,3315.0,0,23
127.000000,3500.0,3307.0,0,23
128.000000,3500.0,3299.0,0,23
129.000000,3500.0,3299.0,0,23
130.000000,3500.0,3298.0,0,23
131.000000,3500.0,3298.0,0,23
132.000000,3511.0,3298.0,0,23
133.000000,3623.0,3310.0,0,23
134.000000,3635.0,3326.0,0,23
135.000000,3647.0,3342.0,0,23
136.000000,3667.0,3358.0,0,23
137.000000,3687.0,3374.0,0,23
138.000000,3707.0,3398.0,0,23
139.000000,3735.0,3422.0,0,23
140.000000,3947.0,3438.0,0,14
141.000000,3947.0,3470.0,0,14
142.000000,3947.0,3598.0,0,14
143.000000,3947.0,3622.0,0,14
144.000000,3947.0,3742.0,0,14
145.000000,3947.0,3858.0,0,14
146.000000,3947.0,3758.0,0,14
147.000000,3947.0,3758.0,0,14
148.000000,3947.0,3758.0,0,14
149.000000,3947.0,3854.0,0,14
150.000000,3947.0,3846.0,1,6
