0,player,node,groups,units,health
128.000000,1,15,[14],[110],[0.2]
128.000000,0,15,[8;8],[59;62],[2.6;1.8]
129.000000,1,15,[14;14],[110;115],[0.0;0.9]
129.000000,0,15,[8;8],[59;62],[1.8;1.0]
130.000000,1,15,[14],[115],[0.1]
130.000000,0,15,[8;8],[59;62],[1.0;0.4]
131.000000,1,15,[14;14],[112;115],[0.6;0.0]
131.000000,0,15,[8;8;8],[57;59;62],[2.6;0.4;0.0]
132.000000,1,15,[14],[112],[0.0]
132.000000,0,15,[8;8],[57;59],[1.8;0.0]
133.000000,1,15,[14],[114],[0.4]
133.000000,0,15,[8;8],[57;60],[1.0;2.8]
134.000000,1,15,[14],[114],[0.0]
134.000000,0,15,[8;8],[57;60],[0.4;2.4]
135.000000,1,15,[14],[109],[0.4]
135.000000,0,15,[8;8],[57;60],[0.0;2.0]
136.000000,1,15,[14],[109],[0.0]
136.000000,0,15,[8],[60],[1.2]
137.000000,1,15,[14],[113],[0.5]
137.000000,0,15,[8],[60],[0.6]
138.000000,1,15,[14],[113],[0.0]
138.000000,0,15,[8;8],[58;60],[2.8;0.2]
139.000000,1,15,[14],[111],[0.5]
139.000000,0,15,[8],[60],[0.0]
140.000000,1,15,[14],[111],[0.1]
140.000000,0,15,[8],[58],[2.4]
141.000000,1,15,[14],[111],[0.0]
141.000000,0,15,[8],[58],[2.0]
141.000000,1,32,[14;14],[111;116],[0.0;0.5]
141.000000,0,32,[],[],[]
