0,player,group,node,types,start,count,sensorsettings
1.000000,0,1,1,[Striker],[1],[8],[;;;]
1.000000,0,2,1,[Striker],[9],[8],[;;;]
1.000000,0,3,1,[Striker;Tank],[17;21],[4;4],[;;;]
1.000000,0,4,1,[Striker;Tank],[25;29],[4;4],[;;;]
1.000000,0,5,1,[Controller;Recon;Striker;Tank],[33;34;36;37],[1;2;1;4],[active;2;2;2.30]
1.000000,0,6,1,[Tank],[41],[8],[;;;]
1.000000,0,7,1,[Tank],[49],[8],[;;;]
1.000000,0,8,1,[Tank],[57],[8],[;;;]
1.000000,0,9,1,[Tank],[65],[8],[;;;]
1.000000,0,10,1,[Tank],[73],[8],[;;;]
1.000000,0,11,1,[Tank],[81],[8],[;;;]
1.000000,0,12,1,[Tank;Recon],[89;97],[8;4],[passive;3;1;]
1.000000,1,13,9,[Striker],[101],[8],[;;;]
1.000000,1,14,9,[Striker],[109],[8],[;;;]
1.000000,1,15,9,[Striker;Tank],[117;121],[4;4],[;;;]
1.000000,1,16,9,[Striker;Tank],[125;129],[4;4],[;;;]
1.000000,1,17,9,[Controller;Recon;Striker;Tank],[133;134;136;137],[1;2;1;4],[active;2;2;2.30]
1.000000,1,18,9,[Tank],[141],[8],[;;;]
1.000000,1,19,9,[Tank],[149],[8],[;;;]
1.000000,1,20,9,[Tank],[157],[8],[;;;]
1.000000,1,21,9,[Tank],[165],[8],[;;;]
1.000000,1,22,9,[Tank],[173],[8],[;;;]
1.000000,1,23,9,[Tank],[181],[8],[;;;]
1.000000,1,24,9,[Tank;Recon],[189;197],[8;4],[passive;3;1;]
