0,player1,player2,status,focus
0.000000,1100.0,1100.0,0,15
1.000000,1100.0,1100.0,0,15
2.000000,1100.0,1100.0,0,15
3.000000,1100.0,1100.0,0,15
4.000000,1099.0,1099.0,0,15
5.000000,1098.0,1098.0,0,15
6.000000,1097.0,1097.0,0,15
7.000000,1096.0,1096.0,0,15
8.000000,1095.0,1095.0,0,15
9.000000,1095.0,1095.0,0,15
10.000000,1094.0,1094.0,0,6
11.000000,1094.0,1094.0,0,6
12.000000,1094.0,1094.0,0,6
13.000000,1093.0,1093.0,0,6
14.000000,1093.0,1093.0,0,6
15.000000,1093.0,1093.0,0,6
16.000000,1093.0,1093.0,0,6
17.000000,1093.0,1093.0,0,6
18.000000,1092.0,1092.0,0,6
19.000000,1092.0,1092.0,0,6
20.000000,1092.0,1092.0,0,16
21.000000,1092.0,1092.0,0,16
22.000000,1092.0,1092.0,0,16
23.000000,1092.0,1092.0,0,16
24.000000,1092.0,1092.0,0,16
25.000000,1092.0,1092.0,0,16
26.000000,1092.0,1092.0,0,16
27.000000,1092.0,1092.0,0,16
28.000000,1092.0,1092.0,0,16
29.000000,1092.0,1092.0,0,16
30.000000,1092.0,1092.0,0,22
31.000000,1092.0,1092.0,0,22
32.000000,1092.0,1092.0,0,22
33.000000,1092.0,1092.0,0,22
34.000000,1092.0,1092.0,0,22
35.000000,1092.0,1092.0,0,22
36.000000,1092.0,1092.0,0,22
37.000000,1092.0,1092.0,0,22
38.000000,1092.0,1092.0,0,22
39.000000,1092.0,1092.0,0,22
40.000000,1092.0,1092.0,0,21
41.000000,1092.0,1092.0,0,21
42.000000,1092.0,1092.0,0,21
43.000000,1092.0,1092.0,0,21
44.000000,1092.0,1092.0,0,21
45.000000,1092.0,1092.0,0,21
46.000000,1092.0,1092.0,0,21
47.000000,1092.0,1092.0,0,21
48.000000,1092.0,1092.0,0,21
49.000000,1092.0,1092.0,0,21
50.000000,1092.0,1092.0,0,19
51.000000,1092.0,1092.0,0,19
52.000000,1092.0,1092.0,0,19
53.000000,1092.0,1092.0,0,19
54.000000,1092.0,1092.0,0,19
55.000000,1092.0,1092.0,0,19
56.000000,1092.0,1092.0,0,19
57.000000,1092.0,1092.0,0,19
58.000000,1092.0,1092.0,0,19
59.000000,1092.0,1092.0,0,19
60.000000,1092.0,1092.0,0,5
61.000000,1092.0,1092.0,0,5
62.000000,1092.0,1092.0,0,5
63.000000,1092.0,1092.0,0,5
64.000000,1092.0,1092.0,0,5
65.000000,1092.0,1092.0,0,5
66.000000,1092.0,1092.0,0,5
67.000000,1092.0,1092.0,0,5
68.000000,1092.0,1092.0,0,5
69.000000,1092.0,1092.0,0,5
70.000000,1092.0,1092.0,0,14
71.000000,1092.0,1092.0,0,14
72.000000,1092.0,1092.0,0,14
73.000000,1092.0,1092.0,0,14
74.000000,1092.0,1092.0,0,14
75.000000,1092.0,1092.0,0,14
76.000000,1092.0,1092.0,0,14
77.000000,1092.0,1092.0,0,14
78.000000,1092.0,1092.0,0,14
79.000000,1092.0,1092.0,0,14
80.000000,1092.0,1092.0,0,12
81.000000,1092.0,1092.0,0,12
82.000000,1092.0,1092.0,0,12
83.000000,1092.0,1092.0,0,12
84.000000,1092.0,1092.0,0,12
85.000000,1092.0,1092.0,0,12
86.000000,1092.0,1092.0,0,12
87.000000,1092.0,1092.0,0,12
88.000000,1092.0,1092.0,0,12
89.000000,1092.0,1092.0,0,12
90.000000,1092.0,1092.0,0,7
91.000000,1092.0,1092.0,0,7
92.000000,1092.0,1092.0,0,7
93.000000,1092.0,1092.0,0,7
94.000000,1092.0,1092.0,0,7
95.000000,1092.0,1092.0,0,7
96.000000,1092.0,1092.0,0,7
97.000000,1092.0,1092.0,0,7
98.000000,1092.0,1092.0,0,7
99.000000,1092.0,1092.0,0,7
100.000000,1092.0,1092.0,0,14
101.000000,1092.0,1092.0,0,14
102.000000,1092.0,1092.0,0,14
103.000000,1092.0,1092.0,0,14
104.000000,1092.0,1092.0,0,14
105.000000,1092.0,1092.0,0,14
106.000000,1092.0,1092.0,0,14
107.000000,1092.0,1092.0,0,14
108.000000,1092.0,1092.0,0,14
109.000000,1092.0,1092.0,0,14
110.000000,1092.0,1092.0,0,1
111.000000,1092.0,1092.0,0,1
112.000000,1092.0,1092.0,0,1
113.000000,1092.0,1092.0,0,1
114.000000,1092.0,1092.0,0,1
115.000000,1092.0,1092.0,0,1
116.000000,1092.0,1092.0,0,1
117.000000,1092.0,1092.0,0,1
118.000000,1092.0,1092.0,0,1
119.000000,1092.0,1092.0,0,1
120.000000,1092.0,1092.0,0,6
121.000000,1092.0,1092.0,0,6
122.000000,1092.0,1092.0,0,6
123.000000,1092.0,1092.0,0,6
124.000000,1092.0,1092.0,0,6
125.000000,1092.0,1092.0,0,6
126.000000,1092.0,1092.0,0,6
127.000000,1092.0,1092.0,0,6
128.000000,1092.0,1092.0,0,6
129.000000,1092.0,1092.0,0,6
130.000000,1092.0,1092.0,0,15
131.000000,1092.0,1092.0,0,15
132.000000,1092.0,1092.0,0,15
133.000000,1092.0,1092.0,0,15
134.000000,1092.0,1092.0,0,15
135.000000,1092.0,1092.0,0,15
136.000000,1092.0,1092.0,0,15
137.000000,1092.0,1092.0,0,15
138.000000,1092.0,1092.0,0,15
139.000000,1092.0,1092.0,0,15
140.000000,1092.0,1092.0,0,17
141.000000,1092.0,1092.0,0,17
142.000000,1092.0,1092.0,0,17
143.000000,1092.0,1092.0,0,17
144.000000,1092.0,1092.0,0,17
145.000000,1092.0,1092.0,0,17
146.000000,1092.0,1092.0,0,17
147.000000,1092.0,1092.0,0,17
148.000000,1092.0,1092.0,0,17
149.000000,1092.0,1092.0,0,17
150.000000,1092.0,1092.0,1,19
