0,player,unitTypes,unitCount,status,node1,node2
3.000000,1,[Striker],[8],0,5,-1
3.000000,0,[Striker],[8],0,5,-1
4.000000,1,[Striker],[8],0,5,-1
4.000000,0,[Striker],[8],0,5,-1
5.000000,1,[Striker],[7],0,5,-1
5.000000,0,[Striker],[7],0,5,-1
6.000000,1,[Striker],[6],0,5,-1
6.000000,0,[Striker],[7],0,5,-1
7.000000,1,[Striker],[4],0,5,-1
7.000000,0,[Striker],[4],0,5,-1
8.000000,1,[Striker],[3],0,5,-1
8.000000,0,[Striker],[3],0,5,-1
9.000000,1,[Striker],[3],0,5,-1
9.000000,0,[Striker],[3],0,5,-1
10.000000,1,[Striker],[2],0,5,-1
10.000000,0,[Striker],[2],0,5,-1
11.000000,1,[Striker],[1],0,5,-1
11.000000,0,[Striker],[1],0,5,-1
