0,player,node,groups,units,health
73.000000,1,36,[19],[150],[1.8]
73.000000,0,36,[12],[94],[2.4]
74.000000,1,36,[19],[150],[0.6]
74.000000,0,36,[12],[94],[1.9]
75.000000,1,36,[19;19],[150;151],[0.0;2.8]
75.000000,0,36,[12],[94],[1.3]
76.000000,1,36,[19],[151],[1.6]
76.000000,0,36,[12],[94],[0.8]
77.000000,1,36,[19],[151],[0.4]
77.000000,0,36,[12],[94],[0.3]
78.000000,1,36,[19;19],[151;152],[0.0;2.5]
78.000000,0,36,[12;12],[94;98],[0.0;0.9]
79.000000,1,36,[19],[152],[1.4]
79.000000,0,36,[12],[98],[0.6]
80.000000,1,36,[19],[152],[0.3]
80.000000,0,36,[12],[98],[0.4]
81.000000,1,36,[19;19],[152;153],[0.0;2.5]
81.000000,0,36,[12],[98],[0.1]
82.000000,1,36,[19],[153],[1.4]
82.000000,0,36,[12],[98],[0.0]
83.000000,1,36,[19],[153],[0.4]
83.000000,0,36,[12],[99],[0.8]
84.000000,1,36,[19;19],[153;156],[0.0;2.7]
84.000000,0,36,[12],[99],[0.6]
85.000000,1,36,[19],[156],[1.7]
85.000000,0,36,[12],[99],[0.4]
86.000000,1,36,[19],[156],[0.7]
86.000000,0,36,[12],[99],[0.2]
87.000000,1,36,[19],[156],[0.0]
87.000000,0,36,[12],[99],[0.0]
88.000000,1,36,[19],[155],[2.0]
88.000000,0,36,[12;12],[95;99],[2.9;0.0]
89.000000,1,36,[19],[155],[1.1]
89.000000,0,36,[12],[95],[2.7]
90.000000,1,36,[19],[155],[0.2]
90.000000,0,36,[12],[95],[2.5]
91.000000,1,36,[19;19],[154;155],[2.5;0.0]
91.000000,0,36,[12],[95],[2.3]
92.000000,1,36,[19],[154],[1.6]
92.000000,0,36,[12],[95],[2.2]
93.000000,1,36,[19],[154],[0.7]
93.000000,0,36,[12],[95],[2.0]
94.000000,1,36,[19],[154],[0.0]
94.000000,0,36,[12],[95],[1.9]
95.000000,1,36,[19],[149],[2.1]
95.000000,0,36,[12],[95],[1.8]
96.000000,1,36,[19],[149],[1.2]
96.000000,0,36,[12],[95],[1.7]
97.000000,1,36,[19],[149],[0.3]
97.000000,0,36,[12],[95],[1.7]
98.000000,1,36,[19],[149],[0.0]
98.000000,0,36,[12],[95],[1.6]
130.000000,1,13,[20],[161],[2.1]
130.000000,0,13,[12],[95],[1.0]
130.000000,1,36,[20],[161],[0.4]
130.000000,0,36,[],[],[]
131.000000,1,13,[20;20],[161;164],[0.0;2.8]
131.000000,0,13,[12;12],[95;96],[0.0;2.9]
131.000000,1,36,[20;20],[161;164],[0.0;1.2]
131.000000,0,36,[],[],[]
132.000000,1,13,[20],[164],[0.4]
132.000000,0,13,[12],[96],[1.9]
132.000000,1,36,[20;20],[160;164],[2.1;0.0]
132.000000,0,36,[],[],[]
133.000000,1,13,[20],[160],[1.3]
133.000000,0,13,[12],[96],[1.0]
133.000000,1,36,[20],[160],[0.0]
133.000000,0,36,[],[],[]
134.000000,1,13,[20],[163],[2.2]
134.000000,0,13,[12],[96],[0.2]
134.000000,1,36,[20],[163],[0.6]
134.000000,0,36,[],[],[]
147.000000,1,20,[20;20],[162;163],[2.8;0.0]
147.000000,0,20,[3],[19],[2.6]
147.000000,1,42,[15],[119],[2.6]
147.000000,0,42,[],[],[]
148.000000,1,20,[20],[162],[0.6]
148.000000,0,20,[3],[19],[0.7]
148.000000,1,42,[15],[119],[1.8]
148.000000,0,42,[11],[85],[2.6]
149.000000,1,20,[20;20],[157;162],[2.1;0.0]
149.000000,0,20,[3],[18],[2.7]
149.000000,1,42,[20;20;20],[157;159;162],[1.3;2.5;0.0]
149.000000,0,42,[11],[85],[2.2]
