0,player1,player2,status,focus
0.000000,1100.0,1100.0,0,16
1.000000,1100.0,1100.0,0,16
2.000000,1100.0,1100.0,0,16
3.000000,1100.0,1100.0,0,16
4.000000,1100.0,1100.0,0,16
5.000000,1100.0,1100.0,0,16
6.000000,1100.0,1100.0,0,16
7.000000,1100.0,1100.0,0,16
8.000000,1100.0,1100.0,0,16
9.000000,1100.0,1100.0,0,16
10.000000,1100.0,1100.0,0,19
11.000000,1108.0,1108.0,0,19
12.000000,1116.0,1124.0,0,19
13.000000,1124.0,1140.0,0,19
14.000000,1132.0,1164.0,0,19
15.000000,1140.0,1300.0,0,19
16.000000,1148.0,1300.0,0,19
17.000000,1156.0,1300.0,0,19
18.000000,1172.0,1300.0,0,19
19.000000,1188.0,1308.0,0,19
20.000000,1300.0,1316.0,0,20
21.000000,1300.0,1324.0,0,20
22.000000,1300.0,1332.0,0,20
23.000000,1300.0,1340.0,0,20
24.000000,1300.0,1348.0,0,20
25.000000,1300.0,1356.0,0,20
26.000000,1300.0,1376.0,0,20
27.000000,1300.0,1396.0,0,20
28.000000,1300.0,1416.0,0,20
29.000000,1300.0,1444.0,0,20
30.000000,1300.0,1576.0,0,19
31.000000,1300.0,1596.0,0,19
32.000000,1300.0,1700.0,0,19
33.000000,1300.0,1700.0,0,19
34.000000,1300.0,1700.0,0,19
35.000000,1300.0,1700.0,0,19
36.000000,1300.0,1700.0,0,19
37.000000,1300.0,1700.0,0,19
38.000000,1300.0,1700.0,0,19
39.000000,1300.0,1700.0,0,19
40.000000,1300.0,1700.0,0,3
41.000000,1300.0,1700.0,0,3
42.000000,1300.0,1708.0,0,3
43.000000,1300.0,1716.0,0,3
44.000000,1300.0,1716.0,0,3
45.000000,1312.0,1716.0,0,3
46.000000,1324.0,1716.0,0,3
47.000000,1344.0,1736.0,0,3
48.000000,1352.0,1764.0,0,3
49.000000,1360.0,1792.0,0,3
50.000000,1368.0,1820.0,0,4
51.000000,1376.0,1848.0,0,4
52.000000,1396.0,1876.0,0,4
53.000000,1416.0,2004.0,0,4
54.000000,1536.0,2020.0,0,4
55.000000,1548.0,2036.0,0,4
56.000000,1560.0,2052.0,0,4
57.000000,1572.0,2060.0,0,4
58.000000,1584.0,2164.0,0,4
59.000000,1596.0,2164.0,0,4
60.000000,1700.0,2164.0,0,2
61.000000,1708.0,2164.0,0,2
62.000000,1716.0,2164.0,0,2
63.000000,1724.0,2164.0,0,2
64.000000,1732.0,2164.0,0,2
65.000000,1740.0,2164.0,0,2
66.000000,1748.0,2164.0,0,2
67.000000,1768.0,2164.0,0,2
68.000000,1788.0,2164.0,0,2
69.000000,1808.0,2164.0,0,2
70.000000,1828.0,2164.0,0,3
71.000000,1848.0,2172.0,0,3
72.000000,1868.0,2180.0,0,3
73.000000,1896.0,2188.0,0,3
74.000000,1924.0,2196.0,0,3
75.000000,2044.0,2208.0,0,3
76.000000,2060.0,2220.0,0,3
77.000000,2180.0,2232.0,0,3
78.000000,2188.0,2252.0,0,3
79.000000,2196.0,2260.0,0,3
80.000000,2300.0,2268.0,0,22
81.000000,2300.0,2276.0,0,22
82.000000,2300.0,2284.0,0,22
83.000000,2300.0,2304.0,0,22
84.000000,2308.0,2324.0,0,22
85.000000,2316.0,2344.0,0,22
86.000000,2332.0,2356.0,0,22
87.000000,2348.0,2368.0,0,22
88.000000,2364.0,2380.0,0,22
89.000000,2380.0,2400.0,0,22
90.000000,2396.0,2420.0,0,18
91.000000,2412.0,2628.0,0,18
92.000000,2428.0,2628.0,0,18
93.000000,2444.0,2628.0,0,18
94.000000,2460.0,2628.0,0,18
95.000000,2484.0,2640.0,0,18
96.000000,2604.0,2652.0,0,18
97.000000,2620.0,2764.0,0,18
98.000000,2732.0,2764.0,0,18
99.000000,2740.0,2764.0,0,18
100.000000,2748.0,2772.0,0,19
101.000000,2756.0,2780.0,0,19
102.000000,2764.0,2788.0,0,19
103.000000,2772.0,2788.0,0,19
104.000000,2780.0,2788.0,0,19
105.000000,2788.0,2788.0,0,19
106.000000,2796.0,2788.0,0,19
107.000000,2796.0,2788.0,0,19
108.000000,2796.0,2788.0,0,19
109.000000,2796.0,2788.0,0,19
110.000000,2796.0,2788.0,0,3
111.000000,2796.0,2788.0,0,3
112.000000,2796.0,2788.0,0,3
113.000000,2796.0,2788.0,0,3
114.000000,2796.0,2788.0,0,3
115.000000,2796.0,2788.0,0,3
116.000000,2796.0,2788.0,0,3
117.000000,2796.0,2792.0,0,3
118.000000,2796.0,2796.0,0,3
119.000000,2900.0,2800.0,0,3
120.000000,2900.0,2804.0,0,7
121.000000,2900.0,2808.0,0,7
122.000000,2900.0,2820.0,0,7
123.000000,2900.0,2832.0,0,7
124.000000,2900.0,2844.0,0,7
125.000000,2900.0,2948.0,0,7
126.000000,2900.0,2948.0,0,7
127.000000,2900.0,2948.0,0,7
128.000000,2900.0,2948.0,0,7
129.000000,2900.0,2948.0,0,7
130.000000,2900.0,2948.0,0,10
131.000000,2900.0,2948.0,0,10
132.000000,2900.0,2948.0,0,10
133.000000,2900.0,2948.0,0,10
134.000000,2900.0,2948.0,0,10
135.000000,2900.0,2948.0,0,10
136.000000,2900.0,2948.0,0,10
137.000000,2900.0,2948.0,0,10
138.000000,2900.0,2948.0,0,10
139.000000,2900.0,2948.0,0,10
140.000000,2900.0,2948.0,0,18
141.000000,2900.0,2948.0,0,18
142.000000,2900.0,2948.0,0,18
143.000000,2900.0,2948.0,0,18
144.000000,2900.0,2948.0,0,18
145.000000,2900.0,2948.0,0,18
146.000000,2900.0,2948.0,0,18
147.000000,2900.0,2948.0,0,18
148.000000,2900.0,2948.0,0,18
149.000000,2900.0,2948.0,0,18
150.000000,2900.0,2948.0,1,23
