0,player,node,groups,units,health
74.000000,1,26,[18;18],[141;142],[2.6;1.8]
74.000000,0,26,[2],[14],[0.2]
75.000000,1,26,[18;18],[141;142],[1.8;1.0]
75.000000,0,26,[2;2],[14;16],[0.0;0.9]
76.000000,1,26,[18;18],[141;142],[1.0;0.4]
76.000000,0,26,[2],[16],[0.1]
77.000000,1,26,[18;18;18],[141;142;148],[0.4;0.0;2.6]
77.000000,0,26,[2;2],[15;16],[0.6;0.0]
78.000000,1,26,[18;18],[141;148],[0.0;1.8]
78.000000,0,26,[2],[15],[0.0]
79.000000,1,26,[18;18],[146;148],[2.8;1.0]
79.000000,0,26,[2],[10],[0.4]
80.000000,1,26,[18;18],[146;148],[2.4;0.4]
80.000000,0,26,[2],[10],[0.0]
81.000000,1,26,[18;18],[146;148],[2.0;0.0]
81.000000,0,26,[2],[13],[0.4]
82.000000,1,26,[18],[146],[1.2]
82.000000,0,26,[2],[13],[0.0]
83.000000,1,26,[18],[146],[0.6]
83.000000,0,26,[2],[12],[0.5]
104.000000,1,27,[18;18],[143;146],[2.9;0.0]
104.000000,0,27,[10],[76],[2.5]
105.000000,1,27,[18],[143],[2.1]
105.000000,0,27,[10],[76],[2.1]
106.000000,1,27,[18],[143],[1.3]
106.000000,0,27,[10],[76],[1.7]
128.000000,1,25,[18],[143],[0.7]
128.000000,0,25,[2],[12],[0.3]
129.000000,1,25,[18],[143],[0.1]
129.000000,0,25,[2],[12],[0.1]
130.000000,1,25,[18;18],[143;147],[0.0;2.8]
130.000000,0,25,[2],[12],[0.0]
131.000000,1,25,[18],[147],[2.4]
131.000000,0,25,[2],[11],[0.9]
132.000000,1,25,[18],[147],[2.0]
132.000000,0,25,[2],[11],[0.7]
133.000000,1,25,[18],[147],[1.6]
133.000000,0,25,[2],[11],[0.6]
134.000000,1,25,[18],[147],[1.2]
134.000000,0,25,[2],[11],[0.5]
135.000000,1,25,[18],[147],[0.8]
135.000000,0,25,[2],[11],[0.3]
136.000000,1,25,[18],[147],[0.4]
136.000000,0,25,[2],[11],[0.2]
137.000000,1,25,[18],[147],[0.0]
137.000000,0,25,[2],[11],[0.1]
137.000000,1,26,[],[],[]
137.000000,0,26,[6;6],[46;48],[2.7;2.2]
138.000000,1,25,[18],[145],[1.8]
138.000000,0,25,[2],[9],[0.9]
138.000000,1,26,[],[],[]
138.000000,0,26,[6;6],[46;48],[2.3;1.3]
139.000000,1,25,[18],[145],[0.6]
139.000000,0,25,[2],[9],[0.8]
139.000000,1,26,[13],[107],[0.8]
139.000000,0,26,[6;6],[46;48],[1.6;0.7]
140.000000,1,26,[13],[107],[0.0]
140.000000,0,26,[6;6],[46;48],[1.0;0.3]
141.000000,1,26,[13],[103],[0.0]
141.000000,0,26,[6;6],[46;48],[0.6;0.0]
142.000000,1,25,[14],[114],[0.8]
142.000000,0,25,[2],[9],[0.2]
142.000000,1,26,[],[],[]
142.000000,0,26,[6;6;6;6],[45;46;47;48],[2.9;0.3;2.2;0.0]
143.000000,1,26,[13],[106],[0.3]
143.000000,0,26,[6;6;6],[45;46;47],[2.0;0.0;1.4]
144.000000,1,26,[13],[106],[0.0]
144.000000,0,26,[6;6;6;6],[43;45;46;47],[2.7;1.3;0.0;0.9]
145.000000,1,26,[13],[104],[0.4]
145.000000,0,26,[6;6;6],[43;45;47],[2.0;0.7;0.5]
146.000000,1,26,[13],[104],[0.0]
146.000000,0,26,[6;6;6;6],[41;43;45;47],[2.7;1.3;0.3;0.2]
147.000000,1,26,[],[],[]
147.000000,0,26,[6;6;6;6],[41;43;45;47],[2.3;0.7;0.0;0.0]
148.000000,1,26,[],[],[]
148.000000,0,26,[6;6;6;6],[41;43;44;45],[1.6;0.3;2.9;0.0]
