0,player,node,groups,units,health
4.000000,1,5,13,[1;5;8;7;4],[0.4;0.8;0.8;0.6;0.8]
4.000000,0,5,1,[1;5;8;7;4],[0.4;0.8;0.8;0.6;0.8]
5.000000,1,5,13,[1;5;8;7;4],[0.0;0.6;0.6;0.2;0.6]
5.000000,0,5,1,[1;5;8;7;4],[0.0;0.6;0.6;0.2;0.6]
6.000000,1,5,13,[2;6;8;5],[0.4;0.8;0.2;0.4]
6.000000,0,5,1,[2;6;8;5],[0.4;0.8;0.2;0.4]
7.000000,1,5,13,[2;8;6;3;7],[0.0;0.0;0.6;0.8;0.0]
7.000000,0,5,1,[2;8;6;3;7],[0.0;0.0;0.6;0.8;0.0]
8.000000,1,5,13,[5;3;4],[0.0;0.6;0.4]
8.000000,0,5,1,[5;3;4],[0.0;0.6;0.4]
9.000000,1,5,13,[6;3;4],[0.4;0.4;0.2]
9.000000,0,5,1,[6;3;4],[0.4;0.4;0.2]
10.000000,1,5,13,[6;3;4],[0.2;0.2;0.0]
10.000000,0,5,1,[6;3;4],[0.2;0.2;0.0]
11.000000,1,5,13,[6],[0.0]
11.000000,0,5,1,[6],[0.0]
12.000000,1,5,13,[3],[0.0]
12.000000,0,5,1,[3],[0.0]
