0,player1,player2,status,focus
0.000000,1100.0,1100.0,0,3
1.000000,1100.0,1100.0,0,3
2.000000,1100.0,1100.0,0,3
3.000000,1100.0,1100.0,0,3
4.000000,1100.0,1100.0,0,3
5.000000,1099.0,1099.0,0,3
6.000000,1099.0,1098.0,0,3
7.000000,1096.0,1096.0,0,3
8.000000,1095.0,1095.0,0,3
9.000000,1095.0,1095.0,0,3
10.000000,1094.0,1094.0,0,8
11.000000,1093.0,1093.0,0,8
12.000000,1092.0,1092.0,0,8
13.000000,1092.0,1092.0,0,8
14.000000,1092.0,1092.0,0,8
15.000000,1092.0,1092.0,0,8
16.000000,1092.0,1092.0,0,8
17.000000,1092.0,1092.0,0,8
18.000000,1092.0,1092.0,0,8
19.000000,1092.0,1092.0,0,8
20.000000,1092.0,1092.0,0,3
21.000000,1092.0,1092.0,0,3
22.000000,1092.0,1092.0,0,3
23.000000,1092.0,1092.0,0,3
24.000000,1092.0,1092.0,0,3
25.000000,1092.0,1092.0,0,3
26.000000,1092.0,1092.0,0,3
27.000000,1092.0,1092.0,0,3
28.000000,1092.0,1092.0,0,3
29.000000,1092.0,1092.0,0,3
30.000000,1092.0,1092.0,0,15
31.000000,1092.0,1092.0,0,15
32.000000,1092.0,1092.0,0,15
33.000000,1092.0,1092.0,0,15
34.000000,1092.0,1092.0,0,15
35.000000,1092.0,1092.0,0,15
36.000000,1092.0,1092.0,0,15
37.000000,1092.0,1092.0,0,15
38.000000,1092.0,1092.0,0,15
39.000000,1092.0,1092.0,0,15
40.000000,1092.0,1092.0,0,22
41.000000,1092.0,1092.0,0,22
42.000000,1092.0,1092.0,0,22
43.000000,1092.0,1092.0,0,22
44.000000,1092.0,1092.0,0,22
45.000000,1092.0,1092.0,0,22
46.000000,1092.0,1092.0,0,22
47.000000,1092.0,1092.0,0,22
48.000000,1092.0,1092.0,0,22
49.000000,1092.0,1092.0,0,22
50.000000,1092.0,1092.0,0,9
51.000000,1092.0,1092.0,0,9
52.000000,1092.0,1092.0,0,9
53.000000,1092.0,1092.0,0,9
54.000000,1092.0,1092.0,0,9
55.000000,1092.0,1092.0,0,9
56.000000,1092.0,1092.0,0,9
57.000000,1092.0,1092.0,0,9
58.000000,1092.0,1092.0,0,9
59.000000,1092.0,1092.0,0,9
60.000000,1092.0,1092.0,0,4
61.000000,1092.0,1092.0,0,4
62.000000,1092.0,1092.0,0,4
63.000000,1092.0,1092.0,0,4
64.000000,1092.0,1092.0,0,4
65.000000,1092.0,1092.0,0,4
66.000000,1092.0,1092.0,0,4
67.000000,1092.0,1092.0,0,4
68.000000,1092.0,1092.0,0,4
69.000000,1092.0,1092.0,0,4
70.000000,1092.0,1092.0,0,16
71.000000,1092.0,1092.0,0,16
72.000000,1092.0,1092.0,0,16
73.000000,1092.0,1092.0,0,16
74.000000,1092.0,1092.0,0,16
75.000000,1092.0,1092.0,0,16
76.000000,1092.0,1092.0,0,16
77.000000,1092.0,1092.0,0,16
78.000000,1092.0,1092.0,0,16
79.000000,1092.0,1092.0,0,16
80.000000,1092.0,1092.0,0,7
81.000000,1092.0,1092.0,0,7
82.000000,1092.0,1092.0,0,7
83.000000,1092.0,1092.0,0,7
84.000000,1092.0,1092.0,0,7
85.000000,1092.0,1092.0,0,7
86.000000,1092.0,1092.0,0,7
87.000000,1092.0,1092.0,0,7
88.000000,1092.0,1092.0,0,7
89.000000,1092.0,1092.0,0,7
90.000000,1092.0,1092.0,0,15
91.000000,1092.0,1092.0,0,15
92.000000,1092.0,1092.0,0,15
93.000000,1092.0,1092.0,0,15
94.000000,1092.0,1092.0,0,15
95.000000,1092.0,1092.0,0,15
96.000000,1092.0,1092.0,0,15
97.000000,1092.0,1092.0,0,15
98.000000,1092.0,1092.0,0,15
99.000000,1092.0,1092.0,0,15
100.000000,1092.0,1092.0,0,21
101.000000,1092.0,1092.0,0,21
102.000000,1092.0,1092.0,0,21
103.000000,1092.0,1092.0,0,21
104.000000,1092.0,1092.0,0,21
105.000000,1092.0,1092.0,0,21
106.000000,1092.0,1092.0,0,21
107.000000,1092.0,1092.0,0,21
108.000000,1092.0,1092.0,0,21
109.000000,1092.0,1092.0,0,21
110.000000,1092.0,1092.0,0,16
111.000000,1092.0,1092.0,0,16
112.000000,1092.0,1092.0,0,16
113.000000,1092.0,1092.0,0,16
114.000000,1092.0,1092.0,0,16
115.000000,1092.0,1092.0,0,16
116.000000,1092.0,1092.0,0,16
117.000000,1092.0,1092.0,0,16
118.000000,1092.0,1092.0,0,16
119.000000,1092.0,1092.0,0,16
120.000000,1092.0,1092.0,0,13
121.000000,1092.0,1092.0,0,13
122.000000,1092.0,1092.0,0,13
123.000000,1092.0,1092.0,0,13
124.000000,1092.0,1092.0,0,13
125.000000,1092.0,1092.0,0,13
126.000000,1092.0,1092.0,0,13
127.000000,1092.0,1092.0,0,13
128.000000,1092.0,1092.0,0,13
129.000000,1092.0,1092.0,0,13
130.000000,1092.0,1092.0,0,1
131.000000,1092.0,1092.0,0,1
132.000000,1092.0,1092.0,0,1
133.000000,1092.0,1092.0,0,1
134.000000,1092.0,1092.0,0,1
135.000000,1092.0,1092.0,0,1
136.000000,1092.0,1092.0,0,1
137.000000,1092.0,1092.0,0,1
138.000000,1092.0,1092.0,0,1
139.000000,1092.0,1092.0,0,1
140.000000,1092.0,1092.0,0,20
141.000000,1092.0,1092.0,0,20
142.000000,1092.0,1092.0,0,20
143.000000,1092.0,1092.0,0,20
144.000000,1092.0,1092.0,0,20
145.000000,1092.0,1092.0,0,20
146.000000,1092.0,1092.0,0,20
147.000000,1092.0,1092.0,0,20
148.000000,1092.0,1092.0,0,20
149.000000,1092.0,1092.0,0,20
150.000000,1092.0,1092.0,1,18
