0,node,faction,controlvalue,controlled
4.000000,5,0,8.000000,false
5.000000,5,0,16.000000,false
6.000000,5,0,32.000000,false
6.000000,47,1,8.000000,false
7.000000,5,0,48.000000,false
8.000000,5,0,64.000000,false
9.000000,5,0,80.000000,false
10.000000,5,0,96.000000,false
10.000000,39,1,8.000000,false
11.000000,5,0,112.000000,true
15.000000,38,1,8.000000,false
16.000000,38,1,16.000000,false
17.000000,12,0,8.000000,false
17.000000,38,1,24.000000,false
18.000000,12,0,16.000000,false
18.000000,38,1,32.000000,false
18.000000,47,1,16.000000,false
19.000000,12,0,24.000000,false
19.000000,47,1,24.000000,false
20.000000,11,0,8.000000,false
20.000000,12,0,32.000000,false
20.000000,47,1,32.000000,false
21.000000,11,0,16.000000,false
21.000000,12,0,40.000000,false
21.000000,47,1,40.000000,false
22.000000,11,0,24.000000,false
22.000000,12,0,48.000000,false
22.000000,39,1,16.000000,false
22.000000,47,1,48.000000,false
23.000000,11,0,32.000000,false
23.000000,12,0,56.000000,false
23.000000,47,1,56.000000,false
24.000000,11,0,40.000000,false
24.000000,12,0,64.000000,false
24.000000,47,1,64.000000,false
25.000000,11,0,48.000000,false
25.000000,12,0,72.000000,false
25.000000,47,1,72.000000,false
26.000000,11,0,56.000000,false
26.000000,12,0,80.000000,false
26.000000,47,1,80.000000,false
27.000000,11,0,64.000000,false
27.000000,12,0,88.000000,false
27.000000,38,1,40.000000,false
27.000000,47,1,88.000000,false
28.000000,11,0,72.000000,false
28.000000,12,0,104.000000,true
28.000000,38,1,48.000000,false
28.000000,47,1,96.000000,false
29.000000,38,1,56.000000,false
29.000000,47,1,104.000000,true
30.000000,38,1,64.000000,false
31.000000,38,1,72.000000,false
32.000000,38,1,80.000000,false
33.000000,38,1,88.000000,false
34.000000,38,1,96.000000,false
35.000000,38,1,104.000000,true
42.000000,11,0,80.000000,false
42.000000,30,1,8.000000,false
43.000000,11,0,100.000000,true
43.000000,30,1,16.000000,false
44.000000,30,1,24.000000,false
48.000000,37,1,8.000000,false
49.000000,37,1,16.000000,false
50.000000,37,1,24.000000,false
51.000000,37,1,32.000000,false
52.000000,37,1,40.000000,false
53.000000,37,1,48.000000,false
54.000000,37,1,56.000000,false
55.000000,37,1,64.000000,false
56.000000,37,1,72.000000,false
57.000000,37,1,80.000000,false
58.000000,17,0,8.000000,false
58.000000,37,1,88.000000,false
59.000000,3,0,8.000000,false
59.000000,17,0,16.000000,false
59.000000,37,1,96.000000,false
59.000000,39,1,24.000000,false
60.000000,3,0,16.000000,false
60.000000,10,0,12.000000,false
60.000000,17,0,24.000000,false
60.000000,37,1,104.000000,true
60.000000,39,1,32.000000,false
61.000000,3,0,24.000000,false
61.000000,10,0,24.000000,false
61.000000,17,0,32.000000,false
61.000000,39,1,40.000000,false
62.000000,3,0,32.000000,false
62.000000,17,0,40.000000,false
62.000000,39,1,48.000000,false
63.000000,17,0,48.000000,false
63.000000,39,1,56.000000,false
64.000000,17,0,56.000000,false
64.000000,39,1,64.000000,false
64.000000,40,1,8.000000,false
65.000000,39,1,72.000000,false
65.000000,40,1,16.000000,false
66.000000,9,0,12.000000,false
66.000000,10,0,32.000000,false
66.000000,39,1,80.000000,false
66.000000,40,1,24.000000,false
67.000000,9,0,24.000000,false
67.000000,10,0,40.000000,false
67.000000,40,1,32.000000,false
68.000000,9,0,36.000000,false
68.000000,10,0,48.000000,false
68.000000,40,1,40.000000,false
69.000000,9,0,48.000000,false
69.000000,10,0,56.000000,false
69.000000,16,0,8.000000,false
69.000000,40,1,48.000000,false
70.000000,9,0,60.000000,false
70.000000,10,0,64.000000,false
70.000000,16,0,16.000000,false
70.000000,40,1,56.000000,false
71.000000,9,0,72.000000,false
71.000000,10,0,72.000000,false
71.000000,16,0,24.000000,false
71.000000,40,1,64.000000,false
72.000000,9,0,84.000000,false
72.000000,10,0,80.000000,false
72.000000,16,0,32.000000,false
72.000000,40,1,72.000000,false
73.000000,9,0,96.000000,false
73.000000,10,0,88.000000,false
73.000000,16,0,40.000000,false
73.000000,40,1,80.000000,false
74.000000,9,0,108.000000,true
74.000000,10,0,96.000000,false
74.000000,16,0,48.000000,false
74.000000,40,1,88.000000,false
75.000000,10,0,104.000000,true
75.000000,16,0,56.000000,false
75.000000,40,1,96.000000,false
76.000000,16,0,64.000000,false
76.000000,40,1,104.000000,true
77.000000,16,0,72.000000,false
78.000000,16,0,80.000000,false
79.000000,16,0,88.000000,false
79.000000,17,0,68.000000,false
79.000000,44,1,8.000000,false
80.000000,16,0,96.000000,false
80.000000,17,0,88.000000,false
80.000000,39,1,88.000000,false
80.000000,44,1,16.000000,false
81.000000,17,0,108.000000,true
81.000000,39,1,96.000000,false
81.000000,44,1,24.000000,false
82.000000,39,1,104.000000,true
82.000000,44,1,32.000000,false
83.000000,44,1,40.000000,false
84.000000,44,1,48.000000,false
85.000000,23,0,8.000000,false
85.000000,44,1,56.000000,false
86.000000,23,0,16.000000,false
86.000000,44,1,64.000000,false
87.000000,23,0,24.000000,false
87.000000,44,1,72.000000,false
88.000000,23,0,32.000000,false
88.000000,44,1,80.000000,false
89.000000,23,0,40.000000,false
89.000000,44,1,88.000000,false
90.000000,23,0,48.000000,false
90.000000,44,1,96.000000,false
91.000000,16,0,104.000000,true
91.000000,23,0,56.000000,false
92.000000,23,0,64.000000,false
93.000000,23,0,72.000000,false
94.000000,23,0,80.000000,false
94.000000,45,1,8.000000,false
95.000000,23,0,88.000000,false
95.000000,45,1,16.000000,false
96.000000,23,0,96.000000,false
96.000000,45,1,24.000000,false
97.000000,45,1,40.000000,false
98.000000,45,1,56.000000,false
99.000000,45,1,72.000000,false
100.000000,45,1,88.000000,false
101.000000,45,1,104.000000,true
103.000000,23,0,108.000000,true
110.000000,24,0,8.000000,false
111.000000,24,0,16.000000,false
111.000000,30,0,12.000000,false
112.000000,24,0,24.000000,false
112.000000,30,0,0.000000,false
113.000000,24,0,32.000000,false
113.000000,30,0,12.000000,false
114.000000,24,0,40.000000,false
114.000000,30,0,24.000000,false
115.000000,24,0,48.000000,false
115.000000,30,0,36.000000,false
116.000000,24,0,56.000000,false
116.000000,30,0,48.000000,false
117.000000,24,0,64.000000,false
117.000000,30,0,60.000000,false
118.000000,24,0,72.000000,false
118.000000,30,0,72.000000,false
119.000000,24,0,80.000000,false
119.000000,30,0,84.000000,false
120.000000,24,0,88.000000,false
120.000000,30,0,96.000000,false
121.000000,24,0,96.000000,false
121.000000,30,0,108.000000,true
122.000000,24,0,104.000000,true
123.000000,34,1,8.000000,false
124.000000,20,0,8.000000,false
124.000000,34,1,16.000000,false
125.000000,20,0,16.000000,false
125.000000,34,1,24.000000,false
126.000000,20,0,24.000000,false
126.000000,34,1,32.000000,false
127.000000,20,0,32.000000,false
127.000000,34,1,40.000000,false
128.000000,20,0,40.000000,false
128.000000,34,1,48.000000,false
129.000000,20,0,48.000000,false
129.000000,34,1,56.000000,false
130.000000,2,0,8.000000,false
130.000000,20,0,56.000000,false
130.000000,34,1,64.000000,false
131.000000,2,0,16.000000,false
131.000000,20,0,64.000000,false
131.000000,34,1,72.000000,false
132.000000,2,0,24.000000,false
132.000000,20,0,72.000000,false
132.000000,34,1,88.000000,false
133.000000,2,0,32.000000,false
133.000000,34,1,104.000000,true
134.000000,2,0,40.000000,false
134.000000,38,0,88.000000,false
135.000000,2,0,48.000000,false
135.000000,38,0,76.000000,false
136.000000,2,0,56.000000,false
137.000000,2,0,64.000000,false
138.000000,2,0,72.000000,false
138.000000,44,1,104.000000,true
139.000000,2,0,80.000000,false
140.000000,2,0,88.000000,false
141.000000,2,0,96.000000,false
141.000000,38,0,64.000000,false
142.000000,2,0,104.000000,true
142.000000,38,0,52.000000,false
143.000000,38,0,40.000000,false
144.000000,31,1,12.000000,false
144.000000,35,1,8.000000,false
144.000000,38,0,28.000000,false
145.000000,20,0,80.000000,false
145.000000,31,1,24.000000,false
145.000000,35,1,16.000000,false
145.000000,38,0,16.000000,false
146.000000,20,0,88.000000,false
146.000000,31,1,36.000000,false
146.000000,35,1,24.000000,false
146.000000,38,0,4.000000,false
147.000000,20,0,96.000000,false
147.000000,31,1,48.000000,false
147.000000,35,1,32.000000,false
147.000000,38,0,8.000000,false
148.000000,20,0,104.000000,true
148.000000,31,1,60.000000,false
148.000000,35,1,40.000000,false
148.000000,38,0,20.000000,false
149.000000,31,1,72.000000,false
149.000000,35,1,48.000000,false
149.000000,38,0,32.000000,false
149.000000,42,1,8.000000,false
150.000000,31,1,84.000000,false
150.000000,38,0,44.000000,false
150.000000,42,1,16.000000,false
