0,player,group,start,destination,status
1.000000,1,15,51,47,RDY_TO_MOVE
2.000000,1,19,51,47,RDY_TO_MOVE
2.000000,1,15,51,47,IN_TRANSIT
3.000000,1,20,51,46,RDY_TO_MOVE
3.000000,1,15,51,47,IN_TRANSIT
3.000000,1,19,51,47,IN_TRANSIT
4.000000,1,24,51,46,RDY_TO_MOVE
4.000000,1,15,51,47,ARRIVED
4.000000,1,19,51,47,IN_TRANSIT
4.000000,1,20,51,46,IN_TRANSIT
5.000000,1,19,51,47,ARRIVED
5.000000,1,20,51,46,IN_TRANSIT
5.000000,1,24,51,46,IN_TRANSIT
6.000000,0,5,1,4,IN_TRANSIT
6.000000,1,20,51,46,ARRIVED
6.000000,1,24,51,46,IN_TRANSIT
7.000000,1,20,46,40,RDY_TO_MOVE
7.000000,0,5,1,4,IN_TRANSIT
7.000000,1,24,51,46,ARRIVED
8.000000,0,5,1,4,ARRIVED
8.000000,0,12,1,5,IN_TRANSIT
8.000000,1,20,46,40,IN_TRANSIT
9.000000,0,1,1,5,IN_TRANSIT
9.000000,0,12,1,5,IN_TRANSIT
9.000000,1,20,46,40,IN_TRANSIT
10.000000,1,17,51,47,RDY_TO_MOVE
10.000000,0,1,1,5,ARRIVED
10.000000,0,12,1,5,ARRIVED
10.000000,1,20,46,40,ARRIVED
11.000000,1,17,51,47,IN_TRANSIT
12.000000,1,17,51,47,IN_TRANSIT
13.000000,1,14,51,46,RDY_TO_MOVE
13.000000,1,24,46,45,RDY_TO_MOVE
13.000000,0,5,4,3,IN_TRANSIT
13.000000,1,17,51,47,ARRIVED
14.000000,0,5,4,3,IN_TRANSIT
14.000000,1,14,51,46,IN_TRANSIT
14.000000,1,24,46,45,IN_TRANSIT
15.000000,1,23,51,47,RDY_TO_MOVE
15.000000,0,5,4,3,IN_TRANSIT
15.000000,1,14,51,46,ARRIVED
15.000000,1,24,46,45,IN_TRANSIT
16.000000,0,5,4,3,ARRIVED
16.000000,0,11,1,5,IN_TRANSIT
16.000000,1,23,51,47,IN_TRANSIT
16.000000,1,24,46,45,IN_TRANSIT
17.000000,0,11,1,5,IN_TRANSIT
17.000000,1,23,51,47,IN_TRANSIT
17.000000,1,24,46,45,ARRIVED
18.000000,1,21,51,46,RDY_TO_MOVE
18.000000,0,4,1,4,IN_TRANSIT
18.000000,0,11,1,5,ARRIVED
18.000000,1,23,51,47,ARRIVED
19.000000,0,4,1,4,IN_TRANSIT
19.000000,1,21,51,46,IN_TRANSIT
20.000000,1,15,47,46,RDY_TO_MOVE
20.000000,0,4,1,4,ARRIVED
20.000000,1,21,51,46,IN_TRANSIT
21.000000,1,17,47,46,RDY_TO_MOVE
21.000000,1,15,47,46,IN_TRANSIT
21.000000,1,21,51,46,ARRIVED
22.000000,0,3,1,4,IN_TRANSIT
22.000000,0,12,5,13,IN_TRANSIT
22.000000,1,15,47,46,IN_TRANSIT
22.000000,1,17,47,46,IN_TRANSIT
23.000000,0,1,5,12,IN_TRANSIT
23.000000,0,3,1,4,IN_TRANSIT
23.000000,0,12,5,13,IN_TRANSIT
23.000000,1,15,47,46,ARRIVED
23.000000,1,17,47,46,IN_TRANSIT
24.000000,1,23,47,46,RDY_TO_MOVE
24.000000,0,1,5,12,ARRIVED
24.000000,0,2,1,4,IN_TRANSIT
24.000000,0,3,1,4,ARRIVED
24.000000,0,12,5,13,ARRIVED
24.000000,1,17,47,46,ARRIVED
25.000000,1,16,51,46,RDY_TO_MOVE
25.000000,0,2,1,4,ARRIVED
25.000000,1,23,47,46,IN_TRANSIT
26.000000,1,24,45,46,RDY_TO_MOVE
26.000000,0,6,1,5,IN_TRANSIT
26.000000,1,16,51,46,IN_TRANSIT
26.000000,1,23,47,46,IN_TRANSIT
27.000000,1,17,46,47,RDY_TO_MOVE
27.000000,0,6,1,5,IN_TRANSIT
27.000000,1,16,51,46,IN_TRANSIT
27.000000,1,23,47,46,ARRIVED
27.000000,1,24,45,46,IN_TRANSIT
28.000000,0,6,1,5,ARRIVED
28.000000,1,16,51,46,ARRIVED
28.000000,1,17,46,47,IN_TRANSIT
28.000000,1,24,45,46,IN_TRANSIT
29.000000,1,17,46,47,IN_TRANSIT
29.000000,1,24,45,46,ARRIVED
30.000000,1,17,46,47,ARRIVED
31.000000,1,23,46,47,RDY_TO_MOVE
32.000000,1,17,47,46,RDY_TO_MOVE
32.000000,1,23,46,47,IN_TRANSIT
33.000000,0,2,4,3,IN_TRANSIT
33.000000,1,17,47,46,IN_TRANSIT
33.000000,1,23,46,47,IN_TRANSIT
34.000000,0,2,4,3,ARRIVED
34.000000,1,17,47,46,IN_TRANSIT
34.000000,1,23,46,47,ARRIVED
35.000000,1,21,46,47,RDY_TO_MOVE
35.000000,1,20,40,34,RDY_TO_MOVE
35.000000,1,17,47,46,ARRIVED
36.000000,1,20,40,34,IN_TRANSIT
36.000000,1,21,46,47,IN_TRANSIT
37.000000,1,19,47,40,RDY_TO_MOVE
37.000000,1,20,40,34,IN_TRANSIT
37.000000,1,21,46,47,IN_TRANSIT
38.000000,0,7,1,4,IN_TRANSIT
38.000000,1,19,47,40,IN_TRANSIT
38.000000,1,20,40,34,ARRIVED
38.000000,1,21,46,47,ARRIVED
39.000000,0,7,1,4,IN_TRANSIT
39.000000,1,19,47,40,IN_TRANSIT
40.000000,1,16,46,40,RDY_TO_MOVE
40.000000,0,7,1,4,ARRIVED
40.000000,1,19,47,40,ARRIVED
41.000000,1,16,46,40,IN_TRANSIT
42.000000,1,16,46,40,IN_TRANSIT
43.000000,1,24,46,40,RDY_TO_MOVE
43.000000,1,19,40,34,RDY_TO_MOVE
43.000000,1,16,46,40,ARRIVED
44.000000,1,19,40,34,IN_TRANSIT
44.000000,1,24,46,40,IN_TRANSIT
45.000000,1,23,47,40,RDY_TO_MOVE
45.000000,0,12,13,21,IN_TRANSIT
45.000000,1,19,40,34,IN_TRANSIT
45.000000,1,24,46,40,IN_TRANSIT
46.000000,1,16,40,46,RDY_TO_MOVE
46.000000,0,12,13,21,IN_TRANSIT
46.000000,1,19,40,34,ARRIVED
46.000000,1,23,47,40,IN_TRANSIT
46.000000,1,24,46,40,ARRIVED
47.000000,1,13,51,46,RDY_TO_MOVE
47.000000,0,3,4,3,IN_TRANSIT
47.000000,0,12,13,21,ARRIVED
47.000000,1,16,40,46,IN_TRANSIT
47.000000,1,23,47,40,IN_TRANSIT
48.000000,0,1,12,18,IN_TRANSIT
48.000000,0,3,4,3,IN_TRANSIT
48.000000,1,13,51,46,IN_TRANSIT
48.000000,1,16,40,46,IN_TRANSIT
48.000000,1,23,47,40,ARRIVED
49.000000,0,1,12,18,ARRIVED
49.000000,0,3,4,3,IN_TRANSIT
49.000000,0,12,21,28,IN_TRANSIT
49.000000,1,13,51,46,ARRIVED
49.000000,1,16,40,46,IN_TRANSIT
50.000000,0,3,4,3,ARRIVED
50.000000,0,7,4,1,IN_TRANSIT
50.000000,0,12,21,28,IN_TRANSIT
50.000000,1,16,40,46,ARRIVED
51.000000,0,7,4,1,IN_TRANSIT
51.000000,0,12,21,28,ARRIVED
52.000000,1,13,46,40,RDY_TO_MOVE
52.000000,0,6,5,4,IN_TRANSIT
52.000000,0,7,4,1,IN_TRANSIT
53.000000,1,20,34,41,RDY_TO_MOVE
53.000000,1,24,40,32,RDY_TO_MOVE
53.000000,1,15,46,47,RDY_TO_MOVE
53.000000,0,6,5,4,IN_TRANSIT
53.000000,0,7,4,1,ARRIVED
53.000000,0,11,5,12,IN_TRANSIT
53.000000,1,13,46,40,IN_TRANSIT
54.000000,1,23,40,47,RDY_TO_MOVE
54.000000,0,6,5,4,ARRIVED
54.000000,0,11,5,12,IN_TRANSIT
54.000000,1,13,46,40,ARRIVED
54.000000,1,15,46,47,IN_TRANSIT
54.000000,1,20,34,41,IN_TRANSIT
54.000000,1,24,40,32,IN_TRANSIT
55.000000,0,2,3,4,IN_TRANSIT
55.000000,0,11,5,12,ARRIVED
55.000000,1,15,46,47,IN_TRANSIT
55.000000,1,20,34,41,IN_TRANSIT
55.000000,1,23,40,47,IN_TRANSIT
55.000000,1,24,40,32,IN_TRANSIT
56.000000,0,2,3,4,ARRIVED
56.000000,0,7,1,4,IN_TRANSIT
56.000000,1,15,46,47,ARRIVED
56.000000,1,20,34,41,IN_TRANSIT
56.000000,1,23,40,47,IN_TRANSIT
56.000000,1,24,40,32,ARRIVED
57.000000,0,7,1,4,IN_TRANSIT
57.000000,1,20,34,41,ARRIVED
57.000000,1,23,40,47,IN_TRANSIT
58.000000,1,22,51,47,RDY_TO_MOVE
58.000000,1,16,46,45,RDY_TO_MOVE
58.000000,0,7,1,4,ARRIVED
58.000000,1,23,40,47,ARRIVED
59.000000,1,23,47,40,RDY_TO_MOVE
59.000000,0,12,28,36,IN_TRANSIT
59.000000,1,16,46,45,IN_TRANSIT
59.000000,1,22,51,47,IN_TRANSIT
60.000000,0,12,28,36,IN_TRANSIT
60.000000,1,16,46,45,IN_TRANSIT
60.000000,1,22,51,47,IN_TRANSIT
60.000000,1,23,47,40,IN_TRANSIT
61.000000,1,14,46,47,RDY_TO_MOVE
61.000000,1,21,47,51,RDY_TO_MOVE
61.000000,0,11,12,13,IN_TRANSIT
61.000000,0,12,28,36,ARRIVED
61.000000,1,16,46,45,IN_TRANSIT
61.000000,1,22,51,47,ARRIVED
61.000000,1,23,47,40,IN_TRANSIT
62.000000,1,19,34,28,RDY_TO_MOVE
62.000000,0,11,12,13,IN_TRANSIT
62.000000,1,14,46,47,IN_TRANSIT
62.000000,1,16,46,45,ARRIVED
62.000000,1,21,47,51,IN_TRANSIT
62.000000,1,23,47,40,ARRIVED
63.000000,1,22,47,40,RDY_TO_MOVE
63.000000,0,9,1,4,IN_TRANSIT
63.000000,0,11,12,13,IN_TRANSIT
63.000000,1,14,46,47,ARRIVED
63.000000,1,19,34,28,IN_TRANSIT
63.000000,1,21,47,51,IN_TRANSIT
64.000000,1,13,40,32,RDY_TO_MOVE
64.000000,0,9,1,4,IN_TRANSIT
64.000000,0,11,12,13,ARRIVED
64.000000,1,19,34,28,IN_TRANSIT
64.000000,1,21,47,51,IN_TRANSIT
64.000000,1,22,47,40,IN_TRANSIT
65.000000,1,14,47,46,RDY_TO_MOVE
65.000000,0,3,3,2,IN_TRANSIT
65.000000,0,8,1,5,IN_TRANSIT
65.000000,0,9,1,4,ARRIVED
65.000000,1,13,40,32,IN_TRANSIT
65.000000,1,19,34,28,ARRIVED
65.000000,1,21,47,51,ARRIVED
65.000000,1,22,47,40,IN_TRANSIT
66.000000,1,23,40,47,RDY_TO_MOVE
66.000000,0,3,3,2,IN_TRANSIT
66.000000,0,8,1,5,IN_TRANSIT
66.000000,1,13,40,32,ARRIVED
66.000000,1,14,47,46,IN_TRANSIT
66.000000,1,22,47,40,ARRIVED
67.000000,1,22,40,32,RDY_TO_MOVE
67.000000,1,20,41,35,RDY_TO_MOVE
67.000000,0,3,3,2,IN_TRANSIT
67.000000,0,8,1,5,ARRIVED
67.000000,1,14,47,46,ARRIVED
67.000000,1,23,40,47,IN_TRANSIT
68.000000,0,3,3,2,ARRIVED
68.000000,0,6,4,3,IN_TRANSIT
68.000000,1,20,41,35,IN_TRANSIT
68.000000,1,22,40,32,IN_TRANSIT
68.000000,1,23,40,47,IN_TRANSIT
69.000000,1,13,32,40,RDY_TO_MOVE
69.000000,1,19,28,36,RDY_TO_MOVE
69.000000,0,6,4,3,IN_TRANSIT
69.000000,1,20,41,35,IN_TRANSIT
69.000000,1,22,40,32,IN_TRANSIT
69.000000,1,23,40,47,IN_TRANSIT
70.000000,0,6,4,3,IN_TRANSIT
70.000000,1,13,32,40,IN_TRANSIT
70.000000,1,19,28,36,IN_TRANSIT
70.000000,1,20,41,35,ARRIVED
70.000000,1,22,40,32,ARRIVED
70.000000,1,23,40,47,ARRIVED
71.000000,1,14,46,47,RDY_TO_MOVE
71.000000,0,6,4,3,ARRIVED
71.000000,1,13,32,40,ARRIVED
71.000000,1,19,28,36,IN_TRANSIT
72.000000,0,4,4,1,IN_TRANSIT
72.000000,1,14,46,47,IN_TRANSIT
72.000000,1,19,28,36,ARRIVED
73.000000,1,23,47,41,RDY_TO_MOVE
73.000000,0,4,4,1,IN_TRANSIT
73.000000,1,14,46,47,ARRIVED
74.000000,1,20,35,28,RDY_TO_MOVE
74.000000,0,4,4,1,IN_TRANSIT
74.000000,1,23,47,41,IN_TRANSIT
75.000000,1,14,47,51,RDY_TO_MOVE
75.000000,1,18,51,47,RDY_TO_MOVE
75.000000,0,4,4,1,ARRIVED
75.000000,1,20,35,28,IN_TRANSIT
75.000000,1,23,47,41,IN_TRANSIT
76.000000,1,22,32,40,RDY_TO_MOVE
76.000000,0,3,2,3,IN_TRANSIT
76.000000,1,14,47,51,IN_TRANSIT
76.000000,1,18,51,47,IN_TRANSIT
76.000000,1,20,35,28,IN_TRANSIT
76.000000,1,23,47,41,ARRIVED
77.000000,1,15,47,41,RDY_TO_MOVE
77.000000,0,2,4,1,IN_TRANSIT
77.000000,0,3,2,3,IN_TRANSIT
77.000000,1,14,47,51,ARRIVED
77.000000,1,18,51,47,IN_TRANSIT
77.000000,1,20,35,28,ARRIVED
77.000000,1,22,32,40,IN_TRANSIT
78.000000,0,2,4,1,ARRIVED
78.000000,0,3,2,3,ARRIVED
78.000000,0,9,4,1,IN_TRANSIT
78.000000,0,11,13,12,IN_TRANSIT
78.000000,1,15,47,41,IN_TRANSIT
78.000000,1,18,51,47,ARRIVED
78.000000,1,22,32,40,IN_TRANSIT
79.000000,0,4,1,5,IN_TRANSIT
79.000000,0,9,4,1,IN_TRANSIT
79.000000,0,11,13,12,IN_TRANSIT
79.000000,1,15,47,41,IN_TRANSIT
79.000000,1,22,32,40,IN_TRANSIT
80.000000,0,4,1,5,IN_TRANSIT
80.000000,0,9,4,1,IN_TRANSIT
80.000000,0,11,13,12,ARRIVED
80.000000,1,15,47,41,ARRIVED
80.000000,1,22,32,40,ARRIVED
81.000000,0,4,1,5,ARRIVED
81.000000,0,9,4,1,ARRIVED
82.000000,1,17,46,40,RDY_TO_MOVE
82.000000,1,20,28,21,RDY_TO_MOVE
82.000000,1,22,40,47,RDY_TO_MOVE
82.000000,1,13,40,32,RDY_TO_MOVE
82.000000,0,2,1,4,IN_TRANSIT
83.000000,0,2,1,4,ARRIVED
83.000000,0,4,5,12,IN_TRANSIT
83.000000,1,13,40,32,IN_TRANSIT
83.000000,1,17,46,40,IN_TRANSIT
83.000000,1,20,28,21,IN_TRANSIT
83.000000,1,22,40,47,IN_TRANSIT
84.000000,0,4,5,12,IN_TRANSIT
84.000000,0,6,3,2,IN_TRANSIT
84.000000,0,9,1,4,IN_TRANSIT
84.000000,1,13,40,32,ARRIVED
84.000000,1,17,46,40,IN_TRANSIT
84.000000,1,20,28,21,IN_TRANSIT
84.000000,1,22,40,47,IN_TRANSIT
85.000000,1,16,45,44,RDY_TO_MOVE
85.000000,1,18,47,46,RDY_TO_MOVE
85.000000,0,4,5,12,ARRIVED
85.000000,0,6,3,2,IN_TRANSIT
85.000000,0,8,5,12,IN_TRANSIT
85.000000,0,9,1,4,IN_TRANSIT
85.000000,1,17,46,40,ARRIVED
85.000000,1,20,28,21,ARRIVED
85.000000,1,22,40,47,IN_TRANSIT
86.000000,0,6,3,2,IN_TRANSIT
86.000000,0,8,5,12,IN_TRANSIT
86.000000,0,9,1,4,ARRIVED
86.000000,1,16,45,44,IN_TRANSIT
86.000000,1,18,47,46,IN_TRANSIT
86.000000,1,22,40,47,ARRIVED
87.000000,1,14,51,47,RDY_TO_MOVE
87.000000,1,24,32,31,RDY_TO_MOVE
87.000000,0,6,3,2,ARRIVED
87.000000,0,8,5,12,ARRIVED
87.000000,1,16,45,44,IN_TRANSIT
87.000000,1,18,47,46,IN_TRANSIT
88.000000,1,20,21,22,RDY_TO_MOVE
88.000000,0,7,4,1,IN_TRANSIT
88.000000,1,14,51,47,IN_TRANSIT
88.000000,1,16,45,44,IN_TRANSIT
88.000000,1,18,47,46,ARRIVED
88.000000,1,24,32,31,IN_TRANSIT
89.000000,1,23,41,47,RDY_TO_MOVE
89.000000,1,22,47,40,RDY_TO_MOVE
89.000000,0,7,4,1,IN_TRANSIT
89.000000,0,9,4,12,IN_TRANSIT
89.000000,1,14,51,47,ARRIVED
89.000000,1,16,45,44,ARRIVED
89.000000,1,20,21,22,IN_TRANSIT
89.000000,1,24,32,31,IN_TRANSIT
90.000000,0,7,4,1,IN_TRANSIT
90.000000,0,9,4,12,IN_TRANSIT
90.000000,0,11,12,20,IN_TRANSIT
90.000000,1,20,21,22,IN_TRANSIT
90.000000,1,22,47,40,IN_TRANSIT
90.000000,1,23,41,47,IN_TRANSIT
90.000000,1,24,32,31,IN_TRANSIT
91.000000,0,7,4,1,ARRIVED
91.000000,0,9,4,12,ARRIVED
91.000000,0,11,12,20,IN_TRANSIT
91.000000,1,20,21,22,IN_TRANSIT
91.000000,1,22,47,40,IN_TRANSIT
91.000000,1,23,41,47,IN_TRANSIT
91.000000,1,24,32,31,ARRIVED
92.000000,1,17,40,47,RDY_TO_MOVE
92.000000,1,24,31,30,RDY_TO_MOVE
92.000000,0,11,12,20,ARRIVED
92.000000,1,20,21,22,ARRIVED
92.000000,1,22,47,40,ARRIVED
92.000000,1,23,41,47,IN_TRANSIT
93.000000,1,17,40,47,IN_TRANSIT
93.000000,1,23,41,47,ARRIVED
93.000000,1,24,31,30,IN_TRANSIT
94.000000,1,21,51,47,RDY_TO_MOVE
94.000000,1,15,41,34,RDY_TO_MOVE
94.000000,1,17,40,47,IN_TRANSIT
94.000000,1,24,31,30,IN_TRANSIT
95.000000,1,23,47,51,RDY_TO_MOVE
95.000000,1,15,41,34,IN_TRANSIT
95.000000,1,17,40,47,IN_TRANSIT
95.000000,1,21,51,47,IN_TRANSIT
95.000000,1,24,31,30,IN_TRANSIT
96.000000,1,13,32,31,RDY_TO_MOVE
96.000000,0,8,12,18,IN_TRANSIT
96.000000,1,15,41,34,IN_TRANSIT
96.000000,1,17,40,47,ARRIVED
96.000000,1,21,51,47,IN_TRANSIT
96.000000,1,23,47,51,IN_TRANSIT
96.000000,1,24,31,30,ARRIVED
97.000000,0,8,12,18,IN_TRANSIT
97.000000,1,13,32,31,IN_TRANSIT
97.000000,1,15,41,34,ARRIVED
97.000000,1,21,51,47,ARRIVED
97.000000,1,23,47,51,IN_TRANSIT
98.000000,1,20,22,14,RDY_TO_MOVE
98.000000,0,8,12,18,ARRIVED
98.000000,1,13,32,31,ARRIVED
98.000000,1,23,47,51,IN_TRANSIT
99.000000,1,15,34,42,RDY_TO_MOVE
99.000000,1,20,22,14,IN_TRANSIT
99.000000,1,23,47,51,ARRIVED
100.000000,0,8,18,17,IN_TRANSIT
100.000000,1,15,34,42,IN_TRANSIT
100.000000,1,20,22,14,IN_TRANSIT
101.000000,0,8,18,17,IN_TRANSIT
101.000000,1,15,34,42,IN_TRANSIT
101.000000,1,20,22,14,IN_TRANSIT
102.000000,0,6,2,3,IN_TRANSIT
102.000000,0,8,18,17,IN_TRANSIT
102.000000,0,9,12,5,IN_TRANSIT
102.000000,1,15,34,42,IN_TRANSIT
102.000000,1,20,22,14,ARRIVED
103.000000,1,18,46,51,RDY_TO_MOVE
103.000000,1,22,40,32,RDY_TO_MOVE
103.000000,0,6,2,3,IN_TRANSIT
103.000000,0,8,18,17,ARRIVED
103.000000,0,9,12,5,IN_TRANSIT
103.000000,1,15,34,42,ARRIVED
104.000000,0,6,2,3,ARRIVED
104.000000,0,9,12,5,IN_TRANSIT
104.000000,1,18,46,51,IN_TRANSIT
104.000000,1,22,40,32,IN_TRANSIT
105.000000,1,17,47,51,RDY_TO_MOVE
105.000000,0,9,12,5,ARRIVED
105.000000,1,18,46,51,IN_TRANSIT
105.000000,1,22,40,32,IN_TRANSIT
106.000000,1,17,47,51,IN_TRANSIT
106.000000,1,18,46,51,IN_TRANSIT
106.000000,1,22,40,32,ARRIVED
107.000000,1,16,44,45,RDY_TO_MOVE
107.000000,0,1,18,12,IN_TRANSIT
107.000000,0,4,12,13,IN_TRANSIT
107.000000,1,17,47,51,IN_TRANSIT
107.000000,1,18,46,51,ARRIVED
108.000000,0,1,18,12,ARRIVED
108.000000,0,4,12,13,IN_TRANSIT
108.000000,0,11,20,28,IN_TRANSIT
108.000000,1,16,44,45,IN_TRANSIT
108.000000,1,17,47,51,IN_TRANSIT
109.000000,0,2,4,1,IN_TRANSIT
109.000000,0,4,12,13,IN_TRANSIT
109.000000,0,11,20,28,IN_TRANSIT
109.000000,0,12,36,28,IN_TRANSIT
109.000000,1,16,44,45,IN_TRANSIT
109.000000,1,17,47,51,ARRIVED
110.000000,1,18,51,46,RDY_TO_MOVE
110.000000,0,2,4,1,ARRIVED
110.000000,0,4,12,13,ARRIVED
110.000000,0,11,20,28,ARRIVED
110.000000,0,12,36,28,IN_TRANSIT
110.000000,1,16,44,45,ARRIVED
111.000000,0,12,36,28,ARRIVED
111.000000,1,18,51,46,IN_TRANSIT
112.000000,1,18,51,46,IN_TRANSIT
113.000000,1,13,31,30,RDY_TO_MOVE
113.000000,0,8,17,18,IN_TRANSIT
113.000000,1,18,51,46,ARRIVED
114.000000,1,23,51,47,RDY_TO_MOVE
114.000000,0,6,3,4,IN_TRANSIT
114.000000,0,8,17,18,IN_TRANSIT
114.000000,1,13,31,30,IN_TRANSIT
115.000000,1,14,47,51,RDY_TO_MOVE
115.000000,1,18,46,45,RDY_TO_MOVE
115.000000,0,4,13,20,IN_TRANSIT
115.000000,0,6,3,4,IN_TRANSIT
115.000000,0,8,17,18,ARRIVED
115.000000,0,11,28,36,IN_TRANSIT
115.000000,1,13,31,30,ARRIVED
115.000000,1,23,51,47,IN_TRANSIT
116.000000,0,4,13,20,IN_TRANSIT
116.000000,0,6,3,4,ARRIVED
116.000000,0,11,28,36,IN_TRANSIT
116.000000,1,14,47,51,IN_TRANSIT
116.000000,1,18,46,45,IN_TRANSIT
116.000000,1,23,51,47,IN_TRANSIT
117.000000,1,20,14,13,RDY_TO_MOVE
117.000000,0,4,13,20,ARRIVED
117.000000,0,11,28,36,ARRIVED
117.000000,1,14,47,51,ARRIVED
117.000000,1,18,46,45,IN_TRANSIT
117.000000,1,23,51,47,ARRIVED
118.000000,1,18,46,45,IN_TRANSIT
118.000000,1,20,14,13,IN_TRANSIT
119.000000,1,18,46,45,ARRIVED
119.000000,1,20,14,13,IN_TRANSIT
120.000000,1,21,47,51,RDY_TO_MOVE
120.000000,1,20,14,13,ARRIVED
121.000000,1,15,42,50,RDY_TO_MOVE
121.000000,0,8,18,12,IN_TRANSIT
121.000000,1,21,47,51,IN_TRANSIT
122.000000,0,8,18,12,IN_TRANSIT
122.000000,0,12,28,21,IN_TRANSIT
122.000000,1,15,42,50,IN_TRANSIT
122.000000,1,21,47,51,IN_TRANSIT
123.000000,0,6,4,12,IN_TRANSIT
123.000000,0,8,18,12,IN_TRANSIT
123.000000,0,12,28,21,IN_TRANSIT
123.000000,1,15,42,50,IN_TRANSIT
123.000000,1,21,47,51,IN_TRANSIT
124.000000,1,22,32,40,RDY_TO_MOVE
124.000000,0,2,1,4,IN_TRANSIT
124.000000,0,6,4,12,IN_TRANSIT
124.000000,0,8,18,12,ARRIVED
124.000000,0,12,28,21,ARRIVED
124.000000,1,15,42,50,IN_TRANSIT
124.000000,1,21,47,51,ARRIVED
125.000000,0,2,1,4,ARRIVED
125.000000,0,6,4,12,ARRIVED
125.000000,1,15,42,50,ARRIVED
125.000000,1,22,32,40,IN_TRANSIT
126.000000,1,23,47,41,RDY_TO_MOVE
126.000000,0,4,20,27,IN_TRANSIT
126.000000,0,5,3,2,IN_TRANSIT
126.000000,0,12,21,13,IN_TRANSIT
126.000000,1,22,32,40,IN_TRANSIT
127.000000,0,4,20,27,IN_TRANSIT
127.000000,0,5,3,2,IN_TRANSIT
127.000000,0,12,21,13,IN_TRANSIT
127.000000,1,22,32,40,IN_TRANSIT
127.000000,1,23,47,41,IN_TRANSIT
128.000000,0,4,20,27,ARRIVED
128.000000,0,5,3,2,IN_TRANSIT
128.000000,0,12,21,13,IN_TRANSIT
128.000000,1,22,32,40,ARRIVED
128.000000,1,23,47,41,IN_TRANSIT
129.000000,0,5,3,2,ARRIVED
129.000000,0,12,21,13,ARRIVED
129.000000,1,23,47,41,ARRIVED
130.000000,0,4,27,28,IN_TRANSIT
131.000000,1,17,51,46,RDY_TO_MOVE
131.000000,0,4,27,28,IN_TRANSIT
132.000000,1,22,40,34,RDY_TO_MOVE
132.000000,0,4,27,28,ARRIVED
132.000000,1,17,51,46,IN_TRANSIT
133.000000,0,6,12,20,IN_TRANSIT
133.000000,1,17,51,46,IN_TRANSIT
133.000000,1,22,40,34,IN_TRANSIT
134.000000,1,20,13,20,RDY_TO_MOVE
134.000000,0,1,12,4,IN_TRANSIT
134.000000,0,4,28,22,IN_TRANSIT
134.000000,0,6,12,20,IN_TRANSIT
134.000000,1,17,51,46,ARRIVED
134.000000,1,22,40,34,IN_TRANSIT
135.000000,0,1,12,4,ARRIVED
135.000000,0,4,28,22,IN_TRANSIT
135.000000,0,6,12,20,ARRIVED
135.000000,1,20,13,20,IN_TRANSIT
135.000000,1,22,40,34,ARRIVED
136.000000,0,3,3,4,IN_TRANSIT
136.000000,0,4,28,22,ARRIVED
136.000000,1,20,13,20,IN_TRANSIT
137.000000,0,3,3,4,IN_TRANSIT
137.000000,0,6,20,28,IN_TRANSIT
137.000000,0,9,5,12,IN_TRANSIT
137.000000,1,20,13,20,ARRIVED
138.000000,0,3,3,4,ARRIVED
138.000000,0,6,20,28,IN_TRANSIT
138.000000,0,9,5,12,IN_TRANSIT
138.000000,0,11,36,35,IN_TRANSIT
139.000000,1,22,34,42,RDY_TO_MOVE
139.000000,0,1,4,12,IN_TRANSIT
139.000000,0,6,20,28,ARRIVED
139.000000,0,9,5,12,ARRIVED
139.000000,0,11,36,35,IN_TRANSIT
140.000000,0,1,4,12,ARRIVED
140.000000,0,3,4,12,IN_TRANSIT
140.000000,0,11,36,35,ARRIVED
140.000000,1,22,34,42,IN_TRANSIT
141.000000,1,15,50,42,RDY_TO_MOVE
141.000000,0,3,4,12,IN_TRANSIT
141.000000,1,22,34,42,IN_TRANSIT
142.000000,0,3,4,12,ARRIVED
142.000000,1,15,50,42,IN_TRANSIT
142.000000,1,22,34,42,IN_TRANSIT
143.000000,0,1,12,13,IN_TRANSIT
143.000000,0,2,4,12,IN_TRANSIT
143.000000,0,11,35,42,IN_TRANSIT
143.000000,1,15,50,42,IN_TRANSIT
143.000000,1,22,34,42,ARRIVED
144.000000,0,1,12,13,ARRIVED
144.000000,0,2,4,12,ARRIVED
144.000000,0,3,12,20,IN_TRANSIT
144.000000,0,11,35,42,IN_TRANSIT
144.000000,1,15,50,42,ARRIVED
145.000000,1,22,42,41,RDY_TO_MOVE
145.000000,0,3,12,20,IN_TRANSIT
145.000000,0,8,12,5,IN_TRANSIT
145.000000,0,11,35,42,IN_TRANSIT
146.000000,1,21,51,47,RDY_TO_MOVE
146.000000,0,3,12,20,ARRIVED
146.000000,0,8,12,5,IN_TRANSIT
146.000000,0,11,35,42,ARRIVED
146.000000,0,12,13,14,IN_TRANSIT
146.000000,1,22,42,41,IN_TRANSIT
147.000000,0,2,12,18,IN_TRANSIT
147.000000,0,8,12,5,IN_TRANSIT
147.000000,0,12,13,14,IN_TRANSIT
147.000000,1,21,51,47,IN_TRANSIT
147.000000,1,22,42,41,IN_TRANSIT
148.000000,1,15,42,50,RDY_TO_MOVE
148.000000,0,2,12,18,ARRIVED
148.000000,0,8,12,5,ARRIVED
148.000000,0,12,13,14,IN_TRANSIT
148.000000,1,21,51,47,IN_TRANSIT
148.000000,1,22,42,41,ARRIVED
149.000000,1,22,41,35,RDY_TO_MOVE
149.000000,0,12,13,14,ARRIVED
149.000000,1,15,42,50,IN_TRANSIT
149.000000,1,21,51,47,ARRIVED
150.000000,1,15,42,50,IN_TRANSIT
150.000000,1,22,41,35,IN_TRANSIT
