0,node,faction,controlvalue,controlled
4.000000,5,0,8.000000,false
5.000000,5,0,16.000000,false
6.000000,5,0,24.000000,false
7.000000,5,0,32.000000,false
7.000000,6,0,12.000000,false
7.000000,47,1,8.000000,false
8.000000,5,0,40.000000,false
8.000000,6,0,24.000000,false
8.000000,47,1,16.000000,false
8.000000,48,1,8.000000,false
9.000000,5,0,48.000000,false
9.000000,6,0,36.000000,false
9.000000,47,1,24.000000,false
9.000000,48,1,16.000000,false
10.000000,5,0,56.000000,false
10.000000,6,0,48.000000,false
11.000000,5,0,64.000000,false
11.000000,6,0,68.000000,false
12.000000,5,0,72.000000,false
12.000000,6,0,88.000000,false
12.000000,48,1,24.000000,false
13.000000,5,0,80.000000,false
13.000000,6,0,100.000000,true
13.000000,42,1,8.000000,false
13.000000,48,1,32.000000,false
14.000000,5,0,96.000000,false
14.000000,42,1,16.000000,false
14.000000,48,1,40.000000,false
15.000000,5,0,104.000000,true
15.000000,42,1,24.000000,false
16.000000,13,0,8.000000,false
16.000000,42,1,32.000000,false
17.000000,13,0,16.000000,false
17.000000,42,1,40.000000,false
17.000000,48,1,48.000000,false
18.000000,12,0,8.000000,false
18.000000,13,0,32.000000,false
18.000000,42,1,48.000000,false
18.000000,47,1,32.000000,false
18.000000,48,1,56.000000,false
19.000000,12,0,16.000000,false
19.000000,13,0,48.000000,false
19.000000,42,1,56.000000,false
19.000000,47,1,40.000000,false
19.000000,48,1,64.000000,false
20.000000,12,0,24.000000,false
20.000000,13,0,64.000000,false
20.000000,42,1,64.000000,false
20.000000,47,1,48.000000,false
20.000000,48,1,80.000000,false
21.000000,12,0,32.000000,false
21.000000,13,0,80.000000,false
21.000000,42,1,72.000000,false
21.000000,48,1,104.000000,true
22.000000,12,0,40.000000,false
22.000000,13,0,96.000000,false
22.000000,42,1,80.000000,false
23.000000,12,0,56.000000,false
23.000000,13,0,112.000000,true
23.000000,42,1,88.000000,false
24.000000,12,0,64.000000,false
24.000000,40,1,8.000000,false
24.000000,42,1,96.000000,false
24.000000,47,1,56.000000,false
25.000000,12,0,72.000000,false
25.000000,40,1,16.000000,false
25.000000,42,1,104.000000,true
25.000000,47,1,64.000000,false
26.000000,12,0,80.000000,false
26.000000,40,1,24.000000,false
26.000000,47,1,72.000000,false
27.000000,12,0,88.000000,false
27.000000,40,1,32.000000,false
27.000000,47,1,80.000000,false
28.000000,12,0,96.000000,false
28.000000,47,1,88.000000,false
29.000000,12,0,104.000000,true
29.000000,47,1,96.000000,false
30.000000,47,1,104.000000,true
31.000000,14,0,8.000000,false
32.000000,14,0,28.000000,false
33.000000,14,0,48.000000,false
34.000000,14,0,76.000000,false
34.000000,41,1,8.000000,false
35.000000,14,0,104.000000,true
35.000000,41,1,16.000000,false
39.000000,35,1,8.000000,false
40.000000,35,1,16.000000,false
41.000000,35,1,24.000000,false
42.000000,35,1,32.000000,false
43.000000,35,1,40.000000,false
43.000000,40,1,40.000000,false
44.000000,35,1,48.000000,false
44.000000,40,1,48.000000,false
44.000000,50,1,8.000000,false
45.000000,35,1,56.000000,false
45.000000,41,1,24.000000,false
45.000000,50,1,16.000000,false
46.000000,8,0,12.000000,false
46.000000,35,1,64.000000,false
46.000000,41,1,32.000000,false
46.000000,50,1,24.000000,false
47.000000,8,0,24.000000,false
47.000000,40,1,56.000000,false
47.000000,41,1,40.000000,false
47.000000,50,1,32.000000,false
48.000000,8,0,36.000000,false
48.000000,40,1,64.000000,false
48.000000,41,1,48.000000,false
48.000000,50,1,40.000000,false
49.000000,8,0,48.000000,false
49.000000,40,1,72.000000,false
49.000000,41,1,64.000000,false
49.000000,50,1,48.000000,false
50.000000,8,0,60.000000,false
50.000000,40,1,80.000000,false
50.000000,41,1,80.000000,false
50.000000,50,1,56.000000,false
51.000000,8,0,72.000000,false
51.000000,40,1,88.000000,false
51.000000,41,1,96.000000,false
51.000000,50,1,64.000000,false
52.000000,8,0,84.000000,false
52.000000,19,0,8.000000,false
52.000000,21,0,8.000000,false
52.000000,41,1,104.000000,true
52.000000,50,1,72.000000,false
53.000000,8,0,96.000000,false
53.000000,19,0,16.000000,false
53.000000,21,0,16.000000,false
54.000000,8,0,108.000000,true
54.000000,19,0,24.000000,false
54.000000,21,0,24.000000,false
54.000000,32,1,8.000000,false
55.000000,19,0,32.000000,false
55.000000,21,0,32.000000,false
55.000000,32,1,16.000000,false
56.000000,19,0,40.000000,false
56.000000,21,0,40.000000,false
56.000000,32,1,24.000000,false
56.000000,43,1,8.000000,false
57.000000,19,0,48.000000,false
57.000000,21,0,48.000000,false
57.000000,32,1,32.000000,false
57.000000,43,1,16.000000,false
58.000000,21,0,56.000000,false
58.000000,32,1,40.000000,false
58.000000,43,1,24.000000,false
59.000000,21,0,64.000000,false
59.000000,32,1,48.000000,false
59.000000,43,1,32.000000,false
60.000000,21,0,72.000000,false
60.000000,25,0,8.000000,false
60.000000,32,1,56.000000,false
60.000000,33,1,8.000000,false
60.000000,50,1,80.000000,false
61.000000,21,0,80.000000,false
61.000000,25,0,16.000000,false
61.000000,32,1,64.000000,false
61.000000,50,1,88.000000,false
62.000000,21,0,88.000000,false
62.000000,25,0,24.000000,false
62.000000,32,1,72.000000,false
62.000000,50,1,96.000000,false
63.000000,21,0,96.000000,false
63.000000,25,0,32.000000,false
63.000000,32,1,80.000000,false
63.000000,35,1,72.000000,false
63.000000,50,1,104.000000,true
64.000000,21,0,104.000000,true
64.000000,25,0,40.000000,false
64.000000,27,1,8.000000,false
64.000000,32,1,88.000000,false
64.000000,35,1,80.000000,false
64.000000,40,1,96.000000,false
65.000000,15,0,12.000000,false
65.000000,25,0,48.000000,false
65.000000,27,1,16.000000,false
65.000000,32,1,96.000000,false
65.000000,35,1,88.000000,false
65.000000,40,1,104.000000,true
66.000000,15,0,24.000000,false
66.000000,25,0,56.000000,false
66.000000,27,1,24.000000,false
66.000000,32,1,104.000000,true
66.000000,35,1,96.000000,false
67.000000,15,0,36.000000,false
67.000000,25,0,64.000000,false
67.000000,27,1,32.000000,false
67.000000,35,1,104.000000,true
68.000000,15,0,48.000000,false
68.000000,27,1,40.000000,false
69.000000,15,0,60.000000,false
69.000000,27,1,48.000000,false
70.000000,15,0,72.000000,false
70.000000,26,0,8.000000,false
71.000000,15,0,84.000000,false
71.000000,26,0,16.000000,false
72.000000,15,0,96.000000,false
72.000000,26,0,24.000000,false
73.000000,15,0,108.000000,true
79.000000,18,0,8.000000,false
79.000000,43,1,40.000000,false
80.000000,18,0,16.000000,false
80.000000,43,1,48.000000,false
81.000000,18,0,24.000000,false
81.000000,43,1,56.000000,false
82.000000,18,0,32.000000,false
82.000000,43,1,64.000000,false
83.000000,18,0,40.000000,false
83.000000,26,0,32.000000,false
83.000000,43,1,72.000000,false
84.000000,18,0,48.000000,false
84.000000,26,0,40.000000,false
84.000000,43,1,80.000000,false
85.000000,18,0,56.000000,false
85.000000,26,0,48.000000,false
85.000000,43,1,88.000000,false
86.000000,18,0,64.000000,false
86.000000,19,1,40.000000,false
86.000000,26,0,56.000000,false
86.000000,43,1,96.000000,false
87.000000,18,0,72.000000,false
87.000000,19,1,32.000000,false
87.000000,26,0,64.000000,false
87.000000,43,1,104.000000,true
88.000000,18,0,80.000000,false
88.000000,19,1,24.000000,false
88.000000,26,0,72.000000,false
89.000000,18,0,88.000000,false
89.000000,19,1,16.000000,false
89.000000,26,0,80.000000,false
90.000000,18,0,96.000000,false
90.000000,19,1,8.000000,false
90.000000,38,1,8.000000,false
91.000000,18,0,104.000000,true
91.000000,19,1,0.000000,false
91.000000,38,1,16.000000,false
92.000000,19,1,8.000000,false
92.000000,33,0,0.000000,false
92.000000,38,1,24.000000,false
93.000000,19,1,16.000000,false
93.000000,22,0,12.000000,false
94.000000,19,1,24.000000,false
95.000000,19,1,32.000000,false
95.000000,26,0,88.000000,false
95.000000,36,1,8.000000,false
96.000000,26,0,96.000000,false
96.000000,36,1,16.000000,false
97.000000,26,0,104.000000,true
97.000000,30,1,8.000000,false
97.000000,36,1,24.000000,false
98.000000,30,1,16.000000,false
98.000000,36,1,32.000000,false
99.000000,27,1,56.000000,false
99.000000,30,1,24.000000,false
100.000000,25,0,72.000000,false
100.000000,27,1,64.000000,false
100.000000,30,1,32.000000,false
101.000000,25,0,80.000000,false
101.000000,27,1,72.000000,false
101.000000,30,1,40.000000,false
102.000000,25,0,88.000000,false
102.000000,27,1,80.000000,false
102.000000,30,1,48.000000,false
103.000000,25,0,96.000000,false
103.000000,30,1,56.000000,false
103.000000,36,1,40.000000,false
104.000000,25,0,104.000000,true
104.000000,30,1,64.000000,false
104.000000,36,1,48.000000,false
105.000000,30,1,72.000000,false
105.000000,36,1,56.000000,false
106.000000,27,0,72.000000,false
106.000000,30,1,80.000000,false
107.000000,27,0,64.000000,false
107.000000,30,1,88.000000,false
108.000000,27,0,56.000000,false
108.000000,30,1,96.000000,false
109.000000,19,1,40.000000,false
109.000000,22,0,20.000000,false
109.000000,27,0,48.000000,false
109.000000,30,1,104.000000,true
110.000000,19,1,48.000000,false
110.000000,22,0,28.000000,false
110.000000,27,0,40.000000,false
111.000000,19,1,56.000000,false
111.000000,22,0,36.000000,false
111.000000,26,1,92.000000,false
111.000000,27,0,32.000000,false
112.000000,19,1,64.000000,false
112.000000,22,0,44.000000,false
112.000000,26,1,84.000000,false
112.000000,27,0,24.000000,false
113.000000,19,1,72.000000,false
113.000000,22,0,52.000000,false
113.000000,26,1,68.000000,false
113.000000,27,0,16.000000,false
113.000000,36,1,64.000000,false
114.000000,19,1,80.000000,false
114.000000,22,0,60.000000,false
114.000000,26,1,60.000000,false
114.000000,27,0,8.000000,false
114.000000,36,1,72.000000,false
115.000000,19,1,88.000000,false
115.000000,22,0,68.000000,false
115.000000,26,1,52.000000,false
115.000000,27,0,0.000000,false
115.000000,36,1,80.000000,false
116.000000,19,1,96.000000,false
116.000000,26,1,44.000000,false
116.000000,27,0,8.000000,false
116.000000,33,1,8.000000,false
116.000000,36,1,88.000000,false
117.000000,19,1,104.000000,true
117.000000,26,1,36.000000,false
117.000000,33,1,16.000000,false
117.000000,36,1,96.000000,false
118.000000,26,1,28.000000,false
118.000000,33,1,24.000000,false
118.000000,36,1,104.000000,true
119.000000,26,1,20.000000,false
119.000000,33,1,32.000000,false
120.000000,26,1,12.000000,false
120.000000,33,1,40.000000,false
121.000000,26,1,4.000000,false
123.000000,27,1,0.000000,false
124.000000,27,1,8.000000,false
125.000000,27,1,24.000000,false
126.000000,27,1,40.000000,false
127.000000,27,1,56.000000,false
128.000000,27,1,72.000000,false
128.000000,33,1,48.000000,false
129.000000,27,1,88.000000,false
129.000000,33,1,56.000000,false
130.000000,27,1,104.000000,true
130.000000,33,1,64.000000,false
131.000000,33,1,72.000000,false
132.000000,22,0,76.000000,false
132.000000,26,0,12.000000,false
132.000000,33,1,80.000000,false
133.000000,22,0,84.000000,false
133.000000,26,0,20.000000,false
133.000000,33,1,88.000000,false
133.000000,38,1,32.000000,false
134.000000,22,0,100.000000,true
134.000000,26,0,28.000000,false
134.000000,33,1,96.000000,false
134.000000,38,1,40.000000,false
135.000000,26,0,36.000000,false
135.000000,33,1,104.000000,true
135.000000,38,1,48.000000,false
136.000000,38,1,56.000000,false
137.000000,38,1,64.000000,false
138.000000,38,1,72.000000,false
139.000000,38,1,80.000000,false
140.000000,38,1,88.000000,false
141.000000,38,1,96.000000,false
142.000000,38,1,104.000000,true
