0,player1,player2,status,focus
0.000000,1100.0,1100.0,0,1
1.000000,1100.0,1100.0,0,1
2.000000,1100.0,1100.0,0,1
3.000000,1100.0,1100.0,0,1
4.000000,1099.0,1099.0,0,1
5.000000,1098.0,1098.0,0,1
6.000000,1097.0,1097.0,0,1
7.000000,1096.0,1096.0,0,1
8.000000,1095.0,1095.0,0,1
9.000000,1095.0,1095.0,0,1
10.000000,1094.0,1094.0,0,17
11.000000,1094.0,1094.0,0,17
12.000000,1094.0,1094.0,0,17
13.000000,1093.0,1093.0,0,17
14.000000,1093.0,1093.0,0,17
15.000000,1093.0,1093.0,0,17
16.000000,1093.0,1093.0,0,17
17.000000,1093.0,1093.0,0,17
18.000000,1092.0,1092.0,0,17
19.000000,1092.0,1092.0,0,17
20.000000,1092.0,1092.0,0,8
21.000000,1092.0,1092.0,0,8
22.000000,1092.0,1092.0,0,8
23.000000,1092.0,1092.0,0,8
24.000000,1092.0,1092.0,0,8
25.000000,1092.0,1092.0,0,8
26.000000,1092.0,1092.0,0,8
27.000000,1092.0,1092.0,0,8
28.000000,1092.0,1092.0,0,8
29.000000,1092.0,1092.0,0,8
30.000000,1092.0,1092.0,0,4
31.000000,1092.0,1092.0,0,4
32.000000,1092.0,1092.0,0,4
33.000000,1092.0,1092.0,0,4
34.000000,1092.0,1092.0,0,4
35.000000,1092.0,1092.0,0,4
36.000000,1092.0,1092.0,0,4
37.000000,1092.0,1092.0,0,4
38.000000,1092.0,1092.0,0,4
39.000000,1092.0,1092.0,0,4
40.000000,1092.0,1092.0,0,8
41.000000,1092.0,1092.0,0,8
42.000000,1092.0,1092.0,0,8
43.000000,1092.0,1092.0,0,8
44.000000,1092.0,1092.0,0,8
45.000000,1092.0,1092.0,0,8
46.000000,1092.0,1092.0,0,8
47.000000,1092.0,1092.0,0,8
48.000000,1092.0,1092.0,0,8
49.000000,1092.0,1092.0,0,8
50.000000,1092.0,1092.0,0,6
51.000000,1092.0,1092.0,0,6
52.000000,1092.0,1092.0,0,6
53.000000,1092.0,1092.0,0,6
54.000000,1092.0,1092.0,0,6
55.000000,1092.0,1092.0,0,6
56.000000,1092.0,1092.0,0,6
57.000000,1092.0,1092.0,0,6
58.000000,1092.0,1092.0,0,6
59.000000,1092.0,1092.0,0,6
60.000000,1092.0,1092.0,0,20
61.000000,1092.0,1092.0,0,20
62.000000,1092.0,1092.0,0,20
63.000000,1092.0,1092.0,0,20
64.000000,1092.0,1092.0,0,20
65.000000,1092.0,1092.0,0,20
66.000000,1092.0,1092.0,0,20
67.000000,1092.0,1092.0,0,20
68.000000,1092.0,1092.0,0,20
69.000000,1092.0,1092.0,0,20
70.000000,1092.0,1092.0,0,5
71.000000,1092.0,1092.0,0,5
72.000000,1092.0,1092.0,0,5
73.000000,1092.0,1092.0,0,5
74.000000,1092.0,1092.0,0,5
75.000000,1092.0,1092.0,0,5
76.000000,1092.0,1092.0,0,5
77.000000,1092.0,1092.0,0,5
78.000000,1092.0,1092.0,0,5
79.000000,1092.0,1092.0,0,5
80.000000,1092.0,1092.0,0,22
81.000000,1092.0,1092.0,0,22
82.000000,1092.0,1092.0,0,22
83.000000,1092.0,1092.0,0,22
84.000000,1092.0,1092.0,0,22
85.000000,1092.0,1092.0,0,22
86.000000,1092.0,1092.0,0,22
87.000000,1092.0,1092.0,0,22
88.000000,1092.0,1092.0,0,22
89.000000,1092.0,1092.0,0,22
90.000000,1092.0,1092.0,0,3
91.000000,1092.0,1092.0,0,3
92.000000,1092.0,1092.0,0,3
93.000000,1092.0,1092.0,0,3
94.000000,1092.0,1092.0,0,3
95.000000,1092.0,1092.0,0,3
96.000000,1092.0,1092.0,0,3
97.000000,1092.0,1092.0,0,3
98.000000,1092.0,1092.0,0,3
99.000000,1092.0,1092.0,0,3
100.000000,1092.0,1092.0,0,13
101.000000,1092.0,1092.0,0,13
102.000000,1092.0,1092.0,0,13
103.000000,1092.0,1092.0,0,13
104.000000,1092.0,1092.0,0,13
105.000000,1092.0,1092.0,0,13
106.000000,1092.0,1092.0,0,13
107.000000,1092.0,1092.0,0,13
108.000000,1092.0,1092.0,0,13
109.000000,1092.0,1092.0,0,13
110.000000,1092.0,1092.0,0,16
111.000000,1092.0,1092.0,0,16
112.000000,1092.0,1092.0,0,16
113.000000,1092.0,1092.0,0,16
114.000000,1092.0,1092.0,0,16
115.000000,1092.0,1092.0,0,16
116.000000,1092.0,1092.0,0,16
117.000000,1092.0,1092.0,0,16
118.000000,1092.0,1092.0,0,16
119.000000,1092.0,1092.0,0,16
120.000000,1092.0,1092.0,0,20
121.000000,1092.0,1092.0,0,20
122.000000,1092.0,1092.0,0,20
123.000000,1092.0,1092.0,0,20
124.000000,1092.0,1092.0,0,20
125.000000,1092.0,1092.0,0,20
126.000000,1092.0,1092.0,0,20
127.000000,1092.0,1092.0,0,20
128.000000,1092.0,1092.0,0,20
129.000000,1092.0,1092.0,0,20
130.000000,1092.0,1092.0,0,9
131.000000,1092.0,1092.0,0,9
132.000000,1092.0,1092.0,0,9
133.000000,1092.0,1092.0,0,9
134.000000,1092.0,1092.0,0,9
135.000000,1092.0,1092.0,0,9
136.000000,1092.0,1092.0,0,9
137.000000,1092.0,1092.0,0,9
138.000000,1092.0,1092.0,0,9
139.000000,1092.0,1092.0,0,9
140.000000,1092.0,1092.0,0,6
141.000000,1092.0,1092.0,0,6
142.000000,1092.0,1092.0,0,6
143.000000,1092.0,1092.0,0,6
144.000000,1092.0,1092.0,0,6
145.000000,1092.0,1092.0,0,6
146.000000,1092.0,1092.0,0,6
147.000000,1092.0,1092.0,0,6
148.000000,1092.0,1092.0,0,6
149.000000,1092.0,1092.0,0,6
150.000000,1092.0,1092.0,1,15
