0,player1,player2,status,focus
0.000000,1100.0,1100.0,0,7
1.000000,1100.0,1100.0,0,7
2.000000,1100.0,1100.0,0,7
3.000000,1100.0,1100.0,0,7
4.000000,1108.0,1100.0,0,7
5.000000,1116.0,1100.0,0,7
6.000000,1132.0,1108.0,0,7
7.000000,1148.0,1108.0,0,7
8.000000,1164.0,1108.0,0,7
9.000000,1180.0,1108.0,0,7
10.000000,1196.0,1116.0,0,17
11.000000,1300.0,1116.0,0,17
12.000000,1300.0,1116.0,0,17
13.000000,1300.0,1116.0,0,17
14.000000,1300.0,1116.0,0,17
15.000000,1300.0,1124.0,0,17
16.000000,1300.0,1132.0,0,17
17.000000,1308.0,1140.0,0,17
18.000000,1316.0,1156.0,0,17
19.000000,1324.0,1164.0,0,17
20.000000,1340.0,1172.0,0,0
21.000000,1356.0,1180.0,0,0
22.000000,1372.0,1196.0,0,0
23.000000,1388.0,1204.0,0,0
24.000000,1404.0,1212.0,0,0
25.000000,1420.0,1220.0,0,0
26.000000,1436.0,1228.0,0,0
27.000000,1452.0,1244.0,0,0
28.000000,1572.0,1260.0,0,0
29.000000,1572.0,1372.0,0,0
30.000000,1572.0,1380.0,0,19
31.000000,1572.0,1388.0,0,19
32.000000,1572.0,1396.0,0,19
33.000000,1572.0,1404.0,0,19
34.000000,1572.0,1412.0,0,19
35.000000,1572.0,1516.0,0,19
36.000000,1572.0,1516.0,0,19
37.000000,1572.0,1516.0,0,19
38.000000,1572.0,1516.0,0,19
39.000000,1572.0,1516.0,0,19
40.000000,1572.0,1516.0,0,5
41.000000,1572.0,1516.0,0,5
42.000000,1580.0,1524.0,0,5
43.000000,1700.0,1532.0,0,5
44.000000,1700.0,1540.0,0,5
45.000000,1700.0,1540.0,0,5
46.000000,1700.0,1540.0,0,5
47.000000,1700.0,1540.0,0,5
48.000000,1700.0,1548.0,0,5
49.000000,1700.0,1556.0,0,5
50.000000,1700.0,1564.0,0,22
51.000000,1700.0,1572.0,0,22
52.000000,1700.0,1580.0,0,22
53.000000,1700.0,1588.0,0,22
54.000000,1700.0,1596.0,0,22
55.000000,1700.0,1604.0,0,22
56.000000,1700.0,1612.0,0,22
57.000000,1700.0,1620.0,0,22
58.000000,1708.0,1628.0,0,22
59.000000,1724.0,1644.0,0,22
60.000000,1752.0,1756.0,0,4
61.000000,1780.0,1764.0,0,4
62.000000,1796.0,1772.0,0,4
63.000000,1804.0,1780.0,0,4
64.000000,1812.0,1796.0,0,4
65.000000,1812.0,1812.0,0,4
66.000000,1832.0,1828.0,0,4
67.000000,1852.0,1836.0,0,4
68.000000,1872.0,1844.0,0,4
69.000000,1900.0,1852.0,0,4
70.000000,1928.0,1860.0,0,12
71.000000,1956.0,1868.0,0,12
72.000000,1984.0,1876.0,0,12
73.000000,2012.0,1884.0,0,12
74.000000,2132.0,1892.0,0,12
75.000000,2244.0,1900.0,0,12
76.000000,2252.0,2004.0,0,12
77.000000,2260.0,2004.0,0,12
78.000000,2268.0,2004.0,0,12
79.000000,2288.0,2012.0,0,12
80.000000,2316.0,2028.0,0,8
81.000000,2428.0,2044.0,0,8
82.000000,2428.0,2156.0,0,8
83.000000,2428.0,2164.0,0,8
84.000000,2428.0,2172.0,0,8
85.000000,2436.0,2180.0,0,8
86.000000,2444.0,2188.0,0,8
87.000000,2452.0,2196.0,0,8
88.000000,2460.0,2204.0,0,8
89.000000,2468.0,2212.0,0,8
90.000000,2476.0,2220.0,0,2
91.000000,2588.0,2220.0,0,2
92.000000,2596.0,2220.0,0,2
93.000000,2604.0,2220.0,0,2
94.000000,2612.0,2228.0,0,2
95.000000,2620.0,2236.0,0,2
96.000000,2628.0,2244.0,0,2
97.000000,2628.0,2260.0,0,2
98.000000,2628.0,2276.0,0,2
99.000000,2628.0,2292.0,0,2
100.000000,2628.0,2308.0,0,7
101.000000,2628.0,2420.0,0,7
102.000000,2628.0,2420.0,0,7
103.000000,2732.0,2420.0,0,7
104.000000,2732.0,2420.0,0,7
105.000000,2732.0,2420.0,0,7
106.000000,2732.0,2420.0,0,7
107.000000,2732.0,2420.0,0,7
108.000000,2732.0,2420.0,0,7
109.000000,2732.0,2420.0,0,7
110.000000,2740.0,2420.0,0,6
111.000000,2748.0,2408.0,0,6
112.000000,2756.0,2396.0,0,6
113.000000,2776.0,2396.0,0,6
114.000000,2796.0,2396.0,0,6
115.000000,2816.0,2396.0,0,6
116.000000,2836.0,2396.0,0,6
117.000000,2856.0,2396.0,0,6
118.000000,2876.0,2396.0,0,6
119.000000,2896.0,2396.0,0,6
120.000000,2916.0,2396.0,0,15
121.000000,3028.0,2396.0,0,15
122.000000,3132.0,2396.0,0,15
123.000000,3132.0,2404.0,0,15
124.000000,3140.0,2412.0,0,15
125.000000,3148.0,2420.0,0,15
126.000000,3156.0,2428.0,0,15
127.000000,3164.0,2436.0,0,15
128.000000,3172.0,2444.0,0,15
129.000000,3180.0,2452.0,0,15
130.000000,3196.0,2460.0,0,18
131.000000,3212.0,2468.0,0,18
132.000000,3228.0,2484.0,0,18
133.000000,3236.0,2596.0,0,18
134.000000,3244.0,2484.0,0,18
135.000000,3252.0,2472.0,0,18
136.000000,3260.0,2472.0,0,18
137.000000,3266.0,2472.0,0,18
138.000000,3274.0,2576.0,0,18
139.000000,3282.0,2576.0,0,18
140.000000,3290.0,2576.0,0,13
141.000000,3298.0,2564.0,0,13
142.000000,3402.0,2552.0,0,13
143.000000,3402.0,2540.0,0,13
144.000000,3402.0,2548.0,0,13
145.000000,3410.0,2556.0,0,13
146.000000,3418.0,2564.0,0,13
147.000000,3434.0,2580.0,0,13
148.000000,3550.0,2600.0,0,13
149.000000,3562.0,2628.0,0,13
150.000000,3574.0,2648.0,1,14
