0,player,group,start,destination,status
1.000000,1,17,51,47,RDY_TO_MOVE
1.000000,1,14,51,48,RDY_TO_MOVE
2.000000,1,14,51,48,IN_TRANSIT
2.000000,1,17,51,47,IN_TRANSIT
3.000000,1,14,51,48,ARRIVED
3.000000,1,17,51,47,IN_TRANSIT
4.000000,0,4,1,5,IN_TRANSIT
4.000000,1,17,51,47,ARRIVED
5.000000,1,13,51,48,RDY_TO_MOVE
5.000000,1,14,48,41,RDY_TO_MOVE
5.000000,0,2,1,5,IN_TRANSIT
5.000000,0,4,1,5,IN_TRANSIT
5.000000,0,12,1,6,IN_TRANSIT
6.000000,1,24,51,47,RDY_TO_MOVE
6.000000,0,2,1,5,ARRIVED
6.000000,0,4,1,5,ARRIVED
6.000000,0,12,1,6,IN_TRANSIT
6.000000,1,13,51,48,IN_TRANSIT
6.000000,1,14,48,41,IN_TRANSIT
7.000000,0,8,1,6,IN_TRANSIT
7.000000,0,12,1,6,ARRIVED
7.000000,1,13,51,48,ARRIVED
7.000000,1,14,48,41,ARRIVED
7.000000,1,24,51,47,IN_TRANSIT
8.000000,1,16,51,47,RDY_TO_MOVE
8.000000,0,8,1,6,IN_TRANSIT
8.000000,1,24,51,47,IN_TRANSIT
9.000000,0,8,1,6,ARRIVED
9.000000,0,11,1,5,IN_TRANSIT
9.000000,1,16,51,47,IN_TRANSIT
9.000000,1,24,51,47,ARRIVED
10.000000,0,4,5,11,IN_TRANSIT
10.000000,0,11,1,5,IN_TRANSIT
10.000000,1,16,51,47,IN_TRANSIT
11.000000,1,18,51,47,RDY_TO_MOVE
11.000000,1,14,41,49,RDY_TO_MOVE
11.000000,0,4,5,11,IN_TRANSIT
11.000000,0,11,1,5,ARRIVED
11.000000,0,12,6,5,IN_TRANSIT
11.000000,1,16,51,47,ARRIVED
12.000000,0,4,5,11,ARRIVED
12.000000,0,12,6,5,IN_TRANSIT
12.000000,1,14,41,49,IN_TRANSIT
12.000000,1,18,51,47,IN_TRANSIT
13.000000,1,24,47,48,RDY_TO_MOVE
13.000000,0,12,6,5,ARRIVED
13.000000,1,14,41,49,ARRIVED
13.000000,1,18,51,47,IN_TRANSIT
14.000000,0,10,1,5,IN_TRANSIT
14.000000,0,11,5,11,IN_TRANSIT
14.000000,1,18,51,47,ARRIVED
14.000000,1,24,47,48,IN_TRANSIT
15.000000,1,23,51,48,RDY_TO_MOVE
15.000000,0,10,1,5,IN_TRANSIT
15.000000,0,11,5,11,IN_TRANSIT
15.000000,0,12,5,1,IN_TRANSIT
15.000000,1,24,47,48,IN_TRANSIT
16.000000,1,16,47,48,RDY_TO_MOVE
16.000000,1,17,47,51,RDY_TO_MOVE
16.000000,0,10,1,5,ARRIVED
16.000000,0,11,5,11,ARRIVED
16.000000,0,12,5,1,IN_TRANSIT
16.000000,1,23,51,48,IN_TRANSIT
16.000000,1,24,47,48,IN_TRANSIT
17.000000,0,7,1,6,IN_TRANSIT
17.000000,0,12,5,1,IN_TRANSIT
17.000000,1,16,47,48,IN_TRANSIT
17.000000,1,17,47,51,IN_TRANSIT
17.000000,1,23,51,48,IN_TRANSIT
17.000000,1,24,47,48,ARRIVED
18.000000,0,4,11,17,IN_TRANSIT
18.000000,0,7,1,6,IN_TRANSIT
18.000000,0,12,5,1,ARRIVED
18.000000,1,16,47,48,IN_TRANSIT
18.000000,1,17,47,51,IN_TRANSIT
18.000000,1,23,51,48,ARRIVED
19.000000,1,23,48,41,RDY_TO_MOVE
19.000000,0,4,11,17,IN_TRANSIT
19.000000,0,7,1,6,ARRIVED
19.000000,0,10,5,11,IN_TRANSIT
19.000000,1,16,47,48,IN_TRANSIT
19.000000,1,17,47,51,IN_TRANSIT
20.000000,0,3,1,5,IN_TRANSIT
20.000000,0,4,11,17,ARRIVED
20.000000,0,10,5,11,IN_TRANSIT
20.000000,1,16,47,48,ARRIVED
20.000000,1,17,47,51,ARRIVED
20.000000,1,23,48,41,IN_TRANSIT
21.000000,0,3,1,5,IN_TRANSIT
21.000000,0,10,5,11,ARRIVED
21.000000,1,23,48,41,IN_TRANSIT
22.000000,1,24,48,51,RDY_TO_MOVE
22.000000,0,3,1,5,ARRIVED
22.000000,0,8,6,5,IN_TRANSIT
22.000000,1,23,48,41,ARRIVED
23.000000,0,8,6,5,IN_TRANSIT
23.000000,0,12,1,5,IN_TRANSIT
23.000000,1,24,48,51,IN_TRANSIT
24.000000,0,7,6,5,IN_TRANSIT
24.000000,0,8,6,5,ARRIVED
24.000000,0,11,11,18,IN_TRANSIT
24.000000,0,12,1,5,IN_TRANSIT
24.000000,1,24,48,51,IN_TRANSIT
25.000000,0,7,6,5,IN_TRANSIT
25.000000,0,11,11,18,IN_TRANSIT
25.000000,0,12,1,5,ARRIVED
25.000000,1,24,48,51,IN_TRANSIT
26.000000,0,5,1,5,IN_TRANSIT
26.000000,0,7,6,5,ARRIVED
26.000000,0,11,11,18,ARRIVED
26.000000,1,24,48,51,ARRIVED
27.000000,0,5,1,5,IN_TRANSIT
28.000000,0,3,5,11,IN_TRANSIT
28.000000,0,5,1,5,ARRIVED
29.000000,0,3,5,11,IN_TRANSIT
30.000000,0,3,5,11,ARRIVED
30.000000,0,12,5,11,IN_TRANSIT
31.000000,1,16,48,41,RDY_TO_MOVE
31.000000,0,12,5,11,IN_TRANSIT
32.000000,1,17,51,48,RDY_TO_MOVE
32.000000,0,12,5,11,ARRIVED
32.000000,1,16,48,41,IN_TRANSIT
33.000000,1,16,48,41,IN_TRANSIT
33.000000,1,17,51,48,IN_TRANSIT
34.000000,1,16,48,41,ARRIVED
34.000000,1,17,51,48,IN_TRANSIT
35.000000,0,12,11,5,IN_TRANSIT
35.000000,1,17,51,48,ARRIVED
36.000000,0,11,18,17,IN_TRANSIT
36.000000,0,12,11,5,IN_TRANSIT
37.000000,0,11,18,17,IN_TRANSIT
37.000000,0,12,11,5,IN_TRANSIT
38.000000,0,11,18,17,IN_TRANSIT
38.000000,0,12,11,5,ARRIVED
39.000000,0,3,11,17,IN_TRANSIT
39.000000,0,7,5,13,IN_TRANSIT
39.000000,0,11,18,17,ARRIVED
40.000000,0,3,11,17,IN_TRANSIT
40.000000,0,7,5,13,IN_TRANSIT
41.000000,0,3,11,17,ARRIVED
41.000000,0,4,17,24,IN_TRANSIT
41.000000,0,7,5,13,ARRIVED
41.000000,0,11,17,11,IN_TRANSIT
42.000000,1,14,49,43,RDY_TO_MOVE
42.000000,0,4,17,24,IN_TRANSIT
42.000000,0,5,5,11,IN_TRANSIT
42.000000,0,11,17,11,IN_TRANSIT
43.000000,1,24,51,48,RDY_TO_MOVE
43.000000,1,18,47,39,RDY_TO_MOVE
43.000000,0,4,17,24,ARRIVED
43.000000,0,5,5,11,IN_TRANSIT
43.000000,0,8,5,13,IN_TRANSIT
43.000000,0,11,17,11,ARRIVED
43.000000,1,14,49,43,IN_TRANSIT
44.000000,0,5,5,11,ARRIVED
44.000000,0,6,1,6,IN_TRANSIT
44.000000,0,8,5,13,IN_TRANSIT
44.000000,1,14,49,43,ARRIVED
44.000000,1,18,47,39,IN_TRANSIT
44.000000,1,24,51,48,IN_TRANSIT
45.000000,1,23,41,47,RDY_TO_MOVE
45.000000,0,6,1,6,IN_TRANSIT
45.000000,0,8,5,13,ARRIVED
45.000000,1,18,47,39,IN_TRANSIT
45.000000,1,24,51,48,IN_TRANSIT
46.000000,0,6,1,6,ARRIVED
46.000000,1,18,47,39,ARRIVED
46.000000,1,23,41,47,IN_TRANSIT
46.000000,1,24,51,48,ARRIVED
47.000000,1,23,41,47,IN_TRANSIT
48.000000,1,23,41,47,IN_TRANSIT
49.000000,1,13,48,41,RDY_TO_MOVE
49.000000,0,1,1,6,IN_TRANSIT
49.000000,1,23,41,47,ARRIVED
50.000000,1,16,41,48,RDY_TO_MOVE
50.000000,0,1,1,6,ARRIVED
50.000000,0,11,11,17,IN_TRANSIT
50.000000,1,13,48,41,IN_TRANSIT
51.000000,1,15,51,47,RDY_TO_MOVE
51.000000,1,17,48,49,RDY_TO_MOVE
51.000000,0,4,24,30,IN_TRANSIT
51.000000,0,11,11,17,IN_TRANSIT
51.000000,0,12,5,1,IN_TRANSIT
51.000000,1,13,48,41,ARRIVED
51.000000,1,16,41,48,IN_TRANSIT
52.000000,0,4,24,30,IN_TRANSIT
52.000000,0,7,13,7,IN_TRANSIT
52.000000,0,11,11,17,ARRIVED
52.000000,0,12,5,1,IN_TRANSIT
52.000000,1,15,51,47,IN_TRANSIT
52.000000,1,16,41,48,IN_TRANSIT
52.000000,1,17,48,49,IN_TRANSIT
53.000000,0,3,17,23,IN_TRANSIT
53.000000,0,4,24,30,ARRIVED
53.000000,0,7,13,7,IN_TRANSIT
53.000000,0,12,5,1,IN_TRANSIT
53.000000,1,15,51,47,IN_TRANSIT
53.000000,1,16,41,48,IN_TRANSIT
53.000000,1,17,48,49,IN_TRANSIT
54.000000,0,3,17,23,IN_TRANSIT
54.000000,0,7,13,7,IN_TRANSIT
54.000000,0,12,5,1,ARRIVED
54.000000,1,15,51,47,ARRIVED
54.000000,1,16,41,48,ARRIVED
54.000000,1,17,48,49,IN_TRANSIT
55.000000,0,3,17,23,IN_TRANSIT
55.000000,0,5,11,5,IN_TRANSIT
55.000000,0,7,13,7,ARRIVED
55.000000,1,17,48,49,ARRIVED
56.000000,1,18,39,47,RDY_TO_MOVE
56.000000,0,1,6,7,IN_TRANSIT
56.000000,0,3,17,23,ARRIVED
56.000000,0,5,11,5,IN_TRANSIT
56.000000,0,8,13,5,IN_TRANSIT
57.000000,0,1,6,7,ARRIVED
57.000000,0,5,11,5,IN_TRANSIT
57.000000,0,8,13,5,IN_TRANSIT
57.000000,1,18,39,47,IN_TRANSIT
58.000000,1,17,49,41,RDY_TO_MOVE
58.000000,0,2,5,11,IN_TRANSIT
58.000000,0,5,11,5,ARRIVED
58.000000,0,8,13,5,IN_TRANSIT
58.000000,1,18,39,47,IN_TRANSIT
59.000000,0,1,7,8,IN_TRANSIT
59.000000,0,2,5,11,ARRIVED
59.000000,0,8,13,5,ARRIVED
59.000000,1,17,49,41,IN_TRANSIT
59.000000,1,18,39,47,IN_TRANSIT
60.000000,1,19,51,47,RDY_TO_MOVE
60.000000,0,1,7,8,ARRIVED
60.000000,1,17,49,41,IN_TRANSIT
60.000000,1,18,39,47,ARRIVED
61.000000,1,16,48,49,RDY_TO_MOVE
61.000000,1,13,41,48,RDY_TO_MOVE
61.000000,0,3,23,30,IN_TRANSIT
61.000000,1,17,49,41,ARRIVED
61.000000,1,19,51,47,IN_TRANSIT
62.000000,0,3,23,30,IN_TRANSIT
62.000000,0,12,1,6,IN_TRANSIT
62.000000,1,13,41,48,IN_TRANSIT
62.000000,1,16,48,49,IN_TRANSIT
62.000000,1,19,51,47,IN_TRANSIT
63.000000,0,3,23,30,ARRIVED
63.000000,0,12,1,6,IN_TRANSIT
63.000000,1,13,41,48,ARRIVED
63.000000,1,16,48,49,IN_TRANSIT
63.000000,1,19,51,47,ARRIVED
64.000000,1,23,47,48,RDY_TO_MOVE
64.000000,0,12,1,6,ARRIVED
64.000000,1,16,48,49,IN_TRANSIT
65.000000,1,16,48,49,ARRIVED
65.000000,1,23,47,48,IN_TRANSIT
66.000000,0,7,7,8,IN_TRANSIT
66.000000,1,23,47,48,IN_TRANSIT
67.000000,0,7,7,8,IN_TRANSIT
67.000000,1,23,47,48,IN_TRANSIT
68.000000,0,7,7,8,IN_TRANSIT
68.000000,1,23,47,48,ARRIVED
69.000000,1,13,48,51,RDY_TO_MOVE
69.000000,1,20,51,47,RDY_TO_MOVE
69.000000,0,3,30,23,IN_TRANSIT
69.000000,0,7,7,8,ARRIVED
69.000000,0,12,6,13,IN_TRANSIT
70.000000,1,15,47,51,RDY_TO_MOVE
70.000000,0,3,30,23,IN_TRANSIT
70.000000,0,12,6,13,IN_TRANSIT
70.000000,1,13,48,51,IN_TRANSIT
70.000000,1,20,51,47,IN_TRANSIT
71.000000,0,3,30,23,IN_TRANSIT
71.000000,0,4,30,24,IN_TRANSIT
71.000000,0,12,6,13,ARRIVED
71.000000,1,13,48,51,ARRIVED
71.000000,1,15,47,51,IN_TRANSIT
71.000000,1,20,51,47,IN_TRANSIT
72.000000,0,3,30,23,ARRIVED
72.000000,0,4,30,24,IN_TRANSIT
72.000000,1,15,47,51,IN_TRANSIT
72.000000,1,20,51,47,ARRIVED
73.000000,1,14,43,36,RDY_TO_MOVE
73.000000,0,4,30,24,ARRIVED
73.000000,1,15,47,51,IN_TRANSIT
74.000000,1,16,49,48,RDY_TO_MOVE
74.000000,1,14,43,36,IN_TRANSIT
74.000000,1,15,47,51,ARRIVED
75.000000,0,6,6,5,IN_TRANSIT
75.000000,1,14,43,36,ARRIVED
75.000000,1,16,49,48,IN_TRANSIT
76.000000,1,22,51,48,RDY_TO_MOVE
76.000000,0,6,6,5,IN_TRANSIT
76.000000,0,12,13,7,IN_TRANSIT
76.000000,1,16,49,48,IN_TRANSIT
77.000000,1,15,51,48,RDY_TO_MOVE
77.000000,1,17,41,49,RDY_TO_MOVE
77.000000,0,6,6,5,ARRIVED
77.000000,0,11,17,18,IN_TRANSIT
77.000000,0,12,13,7,IN_TRANSIT
77.000000,1,16,49,48,ARRIVED
77.000000,1,22,51,48,IN_TRANSIT
78.000000,1,24,48,49,RDY_TO_MOVE
78.000000,1,18,47,48,RDY_TO_MOVE
78.000000,0,11,17,18,IN_TRANSIT
78.000000,0,12,13,7,IN_TRANSIT
78.000000,1,15,51,48,IN_TRANSIT
78.000000,1,17,41,49,IN_TRANSIT
78.000000,1,22,51,48,IN_TRANSIT
79.000000,0,8,5,11,IN_TRANSIT
79.000000,0,11,17,18,ARRIVED
79.000000,0,12,13,7,ARRIVED
79.000000,1,15,51,48,IN_TRANSIT
79.000000,1,17,41,49,IN_TRANSIT
79.000000,1,18,47,48,IN_TRANSIT
79.000000,1,22,51,48,ARRIVED
79.000000,1,24,48,49,IN_TRANSIT
80.000000,0,8,5,11,IN_TRANSIT
80.000000,1,15,51,48,ARRIVED
80.000000,1,17,41,49,IN_TRANSIT
80.000000,1,18,47,48,IN_TRANSIT
80.000000,1,24,48,49,IN_TRANSIT
81.000000,1,19,47,41,RDY_TO_MOVE
81.000000,1,13,51,47,RDY_TO_MOVE
81.000000,0,8,5,11,ARRIVED
81.000000,1,17,41,49,ARRIVED
81.000000,1,18,47,48,IN_TRANSIT
81.000000,1,24,48,49,IN_TRANSIT
82.000000,1,17,49,48,RDY_TO_MOVE
82.000000,1,13,51,47,IN_TRANSIT
82.000000,1,18,47,48,ARRIVED
82.000000,1,19,47,41,IN_TRANSIT
82.000000,1,24,48,49,ARRIVED
83.000000,1,13,51,47,ARRIVED
83.000000,1,17,49,48,IN_TRANSIT
83.000000,1,19,47,41,IN_TRANSIT
84.000000,0,4,24,17,IN_TRANSIT
84.000000,1,17,49,48,IN_TRANSIT
84.000000,1,19,47,41,ARRIVED
85.000000,1,15,48,41,RDY_TO_MOVE
85.000000,1,24,49,50,RDY_TO_MOVE
85.000000,0,4,24,17,IN_TRANSIT
85.000000,0,6,5,11,IN_TRANSIT
85.000000,0,9,1,5,IN_TRANSIT
85.000000,1,17,49,48,ARRIVED
86.000000,1,18,48,49,RDY_TO_MOVE
86.000000,0,4,24,17,ARRIVED
86.000000,0,6,5,11,IN_TRANSIT
86.000000,0,8,11,5,IN_TRANSIT
86.000000,0,9,1,5,IN_TRANSIT
86.000000,1,15,48,41,IN_TRANSIT
86.000000,1,24,49,50,IN_TRANSIT
87.000000,1,14,36,43,RDY_TO_MOVE
87.000000,1,17,48,41,RDY_TO_MOVE
87.000000,0,6,5,11,ARRIVED
87.000000,0,8,11,5,IN_TRANSIT
87.000000,0,9,1,5,ARRIVED
87.000000,1,15,48,41,IN_TRANSIT
87.000000,1,18,48,49,IN_TRANSIT
87.000000,1,24,49,50,IN_TRANSIT
88.000000,0,5,5,6,IN_TRANSIT
88.000000,0,8,11,5,IN_TRANSIT
88.000000,1,14,36,43,IN_TRANSIT
88.000000,1,15,48,41,ARRIVED
88.000000,1,17,48,41,IN_TRANSIT
88.000000,1,18,48,49,IN_TRANSIT
88.000000,1,24,49,50,IN_TRANSIT
89.000000,1,22,48,51,RDY_TO_MOVE
89.000000,1,21,51,47,RDY_TO_MOVE
89.000000,0,2,11,17,IN_TRANSIT
89.000000,0,5,5,6,IN_TRANSIT
89.000000,0,8,11,5,ARRIVED
89.000000,0,9,5,13,IN_TRANSIT
89.000000,1,14,36,43,ARRIVED
89.000000,1,17,48,41,IN_TRANSIT
89.000000,1,18,48,49,IN_TRANSIT
89.000000,1,24,49,50,ARRIVED
90.000000,0,2,11,17,ARRIVED
90.000000,0,5,5,6,IN_TRANSIT
90.000000,0,9,5,13,IN_TRANSIT
90.000000,1,17,48,41,ARRIVED
90.000000,1,18,48,49,ARRIVED
90.000000,1,21,51,47,IN_TRANSIT
90.000000,1,22,48,51,IN_TRANSIT
91.000000,1,15,41,49,RDY_TO_MOVE
91.000000,0,5,5,6,ARRIVED
91.000000,0,9,5,13,ARRIVED
91.000000,0,12,7,15,IN_TRANSIT
91.000000,1,21,51,47,IN_TRANSIT
91.000000,1,22,48,51,IN_TRANSIT
92.000000,1,17,41,48,RDY_TO_MOVE
92.000000,1,23,48,47,RDY_TO_MOVE
92.000000,0,12,7,15,IN_TRANSIT
92.000000,1,15,41,49,IN_TRANSIT
92.000000,1,21,51,47,ARRIVED
92.000000,1,22,48,51,IN_TRANSIT
93.000000,0,2,17,16,IN_TRANSIT
93.000000,0,12,7,15,IN_TRANSIT
93.000000,1,15,41,49,IN_TRANSIT
93.000000,1,17,41,48,IN_TRANSIT
93.000000,1,22,48,51,ARRIVED
93.000000,1,23,48,47,IN_TRANSIT
94.000000,1,21,47,48,RDY_TO_MOVE
94.000000,0,2,17,16,ARRIVED
94.000000,0,12,7,15,ARRIVED
94.000000,1,15,41,49,IN_TRANSIT
94.000000,1,17,41,48,IN_TRANSIT
94.000000,1,23,48,47,IN_TRANSIT
95.000000,1,15,41,49,ARRIVED
95.000000,1,17,41,48,IN_TRANSIT
95.000000,1,21,47,48,IN_TRANSIT
95.000000,1,23,48,47,ARRIVED
96.000000,1,18,49,48,RDY_TO_MOVE
96.000000,0,7,8,15,IN_TRANSIT
96.000000,1,17,41,48,ARRIVED
96.000000,1,21,47,48,IN_TRANSIT
97.000000,0,7,8,15,IN_TRANSIT
97.000000,1,18,49,48,IN_TRANSIT
97.000000,1,21,47,48,IN_TRANSIT
98.000000,0,7,8,15,ARRIVED
98.000000,1,18,49,48,IN_TRANSIT
98.000000,1,21,47,48,ARRIVED
99.000000,1,20,47,41,RDY_TO_MOVE
99.000000,1,19,41,49,RDY_TO_MOVE
99.000000,1,18,49,48,ARRIVED
100.000000,1,22,51,47,RDY_TO_MOVE
100.000000,0,4,17,23,IN_TRANSIT
100.000000,0,7,15,8,IN_TRANSIT
100.000000,0,11,18,24,IN_TRANSIT
100.000000,1,19,41,49,IN_TRANSIT
100.000000,1,20,47,41,IN_TRANSIT
101.000000,1,23,47,51,RDY_TO_MOVE
101.000000,0,4,17,23,IN_TRANSIT
101.000000,0,7,15,8,IN_TRANSIT
101.000000,0,11,18,24,IN_TRANSIT
101.000000,0,12,15,8,IN_TRANSIT
101.000000,1,19,41,49,IN_TRANSIT
101.000000,1,20,47,41,IN_TRANSIT
101.000000,1,22,51,47,IN_TRANSIT
102.000000,1,15,49,48,RDY_TO_MOVE
102.000000,0,4,17,23,IN_TRANSIT
102.000000,0,7,15,8,IN_TRANSIT
102.000000,0,8,5,1,IN_TRANSIT
102.000000,0,11,18,24,ARRIVED
102.000000,0,12,15,8,IN_TRANSIT
102.000000,1,19,41,49,IN_TRANSIT
102.000000,1,20,47,41,ARRIVED
102.000000,1,22,51,47,IN_TRANSIT
102.000000,1,23,47,51,IN_TRANSIT
103.000000,0,4,17,23,ARRIVED
103.000000,0,7,15,8,ARRIVED
103.000000,0,8,5,1,IN_TRANSIT
103.000000,0,12,15,8,IN_TRANSIT
103.000000,1,15,49,48,IN_TRANSIT
103.000000,1,19,41,49,ARRIVED
103.000000,1,22,51,47,ARRIVED
103.000000,1,23,47,51,IN_TRANSIT
104.000000,1,20,41,49,RDY_TO_MOVE
104.000000,0,8,5,1,IN_TRANSIT
104.000000,0,12,15,8,ARRIVED
104.000000,1,15,49,48,IN_TRANSIT
104.000000,1,23,47,51,IN_TRANSIT
105.000000,0,8,5,1,ARRIVED
105.000000,0,11,24,31,IN_TRANSIT
105.000000,1,15,49,48,ARRIVED
105.000000,1,20,41,49,IN_TRANSIT
105.000000,1,23,47,51,ARRIVED
106.000000,1,16,48,47,RDY_TO_MOVE
106.000000,0,11,24,31,IN_TRANSIT
106.000000,1,20,41,49,IN_TRANSIT
107.000000,0,11,24,31,ARRIVED
107.000000,1,16,48,47,IN_TRANSIT
107.000000,1,20,41,49,IN_TRANSIT
108.000000,1,16,48,47,IN_TRANSIT
108.000000,1,20,41,49,ARRIVED
109.000000,1,21,48,49,RDY_TO_MOVE
109.000000,0,11,31,39,IN_TRANSIT
109.000000,1,16,48,47,ARRIVED
110.000000,1,22,47,39,RDY_TO_MOVE
110.000000,0,11,31,39,IN_TRANSIT
110.000000,1,21,48,49,IN_TRANSIT
111.000000,1,14,43,36,RDY_TO_MOVE
111.000000,0,9,13,7,IN_TRANSIT
111.000000,0,11,31,39,ARRIVED
111.000000,1,21,48,49,IN_TRANSIT
111.000000,1,22,47,39,IN_TRANSIT
112.000000,1,19,49,48,RDY_TO_MOVE
112.000000,0,3,23,17,IN_TRANSIT
112.000000,0,9,13,7,IN_TRANSIT
112.000000,1,14,43,36,IN_TRANSIT
112.000000,1,21,48,49,IN_TRANSIT
112.000000,1,22,47,39,IN_TRANSIT
113.000000,0,3,23,17,IN_TRANSIT
113.000000,0,9,13,7,IN_TRANSIT
113.000000,1,14,43,36,ARRIVED
113.000000,1,19,49,48,IN_TRANSIT
113.000000,1,21,48,49,ARRIVED
113.000000,1,22,47,39,ARRIVED
114.000000,0,3,23,17,ARRIVED
114.000000,0,6,11,17,IN_TRANSIT
114.000000,0,9,13,7,ARRIVED
114.000000,1,19,49,48,IN_TRANSIT
115.000000,0,2,16,17,IN_TRANSIT
115.000000,0,6,11,17,IN_TRANSIT
115.000000,0,7,8,7,IN_TRANSIT
115.000000,1,19,49,48,ARRIVED
116.000000,0,2,16,17,ARRIVED
116.000000,0,6,11,17,ARRIVED
116.000000,0,7,8,7,IN_TRANSIT
116.000000,0,12,8,7,IN_TRANSIT
117.000000,1,24,50,49,RDY_TO_MOVE
117.000000,0,7,8,7,ARRIVED
117.000000,0,12,8,7,IN_TRANSIT
118.000000,0,12,8,7,ARRIVED
118.000000,1,24,50,49,IN_TRANSIT
119.000000,1,24,50,49,IN_TRANSIT
120.000000,1,19,48,41,RDY_TO_MOVE
120.000000,1,24,50,49,ARRIVED
121.000000,1,24,49,48,RDY_TO_MOVE
121.000000,1,19,48,41,IN_TRANSIT
122.000000,1,14,36,29,RDY_TO_MOVE
122.000000,1,17,48,47,RDY_TO_MOVE
122.000000,1,22,39,31,RDY_TO_MOVE
122.000000,1,19,48,41,IN_TRANSIT
122.000000,1,24,49,48,IN_TRANSIT
123.000000,1,21,49,48,RDY_TO_MOVE
123.000000,1,14,36,29,IN_TRANSIT
123.000000,1,17,48,47,IN_TRANSIT
123.000000,1,19,48,41,ARRIVED
123.000000,1,22,39,31,IN_TRANSIT
123.000000,1,24,49,48,IN_TRANSIT
124.000000,0,4,23,24,IN_TRANSIT
124.000000,1,14,36,29,ARRIVED
124.000000,1,17,48,47,IN_TRANSIT
124.000000,1,21,49,48,IN_TRANSIT
124.000000,1,22,39,31,IN_TRANSIT
124.000000,1,24,49,48,ARRIVED
125.000000,0,3,17,18,IN_TRANSIT
125.000000,0,4,23,24,IN_TRANSIT
125.000000,1,17,48,47,ARRIVED
125.000000,1,21,49,48,IN_TRANSIT
125.000000,1,22,39,31,ARRIVED
126.000000,0,2,17,23,IN_TRANSIT
126.000000,0,3,17,18,IN_TRANSIT
126.000000,0,4,23,24,ARRIVED
126.000000,1,21,49,48,ARRIVED
127.000000,1,15,48,49,RDY_TO_MOVE
127.000000,0,2,17,23,ARRIVED
127.000000,0,3,17,18,ARRIVED
127.000000,0,7,7,15,IN_TRANSIT
128.000000,1,21,48,41,RDY_TO_MOVE
128.000000,0,7,7,15,IN_TRANSIT
128.000000,0,11,39,31,IN_TRANSIT
128.000000,1,15,48,49,IN_TRANSIT
129.000000,0,7,7,15,IN_TRANSIT
129.000000,0,11,39,31,IN_TRANSIT
129.000000,1,15,48,49,IN_TRANSIT
129.000000,1,21,48,41,IN_TRANSIT
130.000000,1,20,49,41,RDY_TO_MOVE
130.000000,0,2,23,17,IN_TRANSIT
130.000000,0,7,7,15,ARRIVED
130.000000,0,9,7,6,IN_TRANSIT
130.000000,0,11,39,31,ARRIVED
130.000000,1,15,48,49,IN_TRANSIT
130.000000,1,21,48,41,IN_TRANSIT
131.000000,1,13,47,51,RDY_TO_MOVE
131.000000,0,2,23,17,ARRIVED
131.000000,0,9,7,6,IN_TRANSIT
131.000000,1,15,48,49,ARRIVED
131.000000,1,20,49,41,IN_TRANSIT
131.000000,1,21,48,41,ARRIVED
132.000000,1,15,49,41,RDY_TO_MOVE
132.000000,0,9,7,6,ARRIVED
132.000000,1,13,47,51,IN_TRANSIT
132.000000,1,20,49,41,IN_TRANSIT
133.000000,0,12,7,13,IN_TRANSIT
133.000000,1,13,47,51,ARRIVED
133.000000,1,15,49,41,IN_TRANSIT
133.000000,1,20,49,41,ARRIVED
134.000000,1,21,41,49,RDY_TO_MOVE
134.000000,0,5,6,1,IN_TRANSIT
134.000000,0,12,7,13,IN_TRANSIT
134.000000,1,15,49,41,IN_TRANSIT
135.000000,0,5,6,1,IN_TRANSIT
135.000000,0,12,7,13,ARRIVED
135.000000,1,15,49,41,ARRIVED
135.000000,1,21,41,49,IN_TRANSIT
136.000000,1,14,29,22,RDY_TO_MOVE
136.000000,0,5,6,1,IN_TRANSIT
136.000000,1,21,41,49,IN_TRANSIT
137.000000,1,22,31,32,RDY_TO_MOVE
137.000000,0,5,6,1,ARRIVED
137.000000,0,11,31,24,IN_TRANSIT
137.000000,1,14,29,22,IN_TRANSIT
137.000000,1,21,41,49,IN_TRANSIT
138.000000,1,20,41,48,RDY_TO_MOVE
138.000000,0,11,31,24,IN_TRANSIT
138.000000,1,14,29,22,ARRIVED
138.000000,1,21,41,49,ARRIVED
138.000000,1,22,31,32,IN_TRANSIT
139.000000,1,19,41,49,RDY_TO_MOVE
139.000000,0,11,31,24,ARRIVED
139.000000,1,20,41,48,IN_TRANSIT
139.000000,1,22,31,32,IN_TRANSIT
140.000000,0,4,24,32,IN_TRANSIT
140.000000,0,6,17,18,IN_TRANSIT
140.000000,1,19,41,49,IN_TRANSIT
140.000000,1,20,41,48,IN_TRANSIT
140.000000,1,22,31,32,ARRIVED
141.000000,0,2,17,9,IN_TRANSIT
141.000000,0,4,24,32,IN_TRANSIT
141.000000,0,6,17,18,IN_TRANSIT
141.000000,1,19,41,49,IN_TRANSIT
141.000000,1,20,41,48,IN_TRANSIT
142.000000,0,2,17,9,ARRIVED
142.000000,0,4,24,32,ARRIVED
142.000000,0,6,17,18,ARRIVED
142.000000,0,11,24,17,IN_TRANSIT
142.000000,1,19,41,49,IN_TRANSIT
142.000000,1,20,41,48,ARRIVED
143.000000,1,18,48,41,RDY_TO_MOVE
143.000000,0,11,24,17,IN_TRANSIT
143.000000,1,19,41,49,ARRIVED
144.000000,1,14,22,28,RDY_TO_MOVE
144.000000,1,21,49,43,RDY_TO_MOVE
144.000000,0,11,24,17,ARRIVED
144.000000,1,18,48,41,IN_TRANSIT
145.000000,1,23,51,48,RDY_TO_MOVE
145.000000,1,14,22,28,IN_TRANSIT
145.000000,1,18,48,41,IN_TRANSIT
145.000000,1,21,49,43,IN_TRANSIT
146.000000,1,14,22,28,ARRIVED
146.000000,1,18,48,41,ARRIVED
146.000000,1,21,49,43,IN_TRANSIT
146.000000,1,23,51,48,IN_TRANSIT
147.000000,1,21,49,43,IN_TRANSIT
147.000000,1,23,51,48,IN_TRANSIT
148.000000,1,17,47,41,RDY_TO_MOVE
148.000000,0,5,1,6,IN_TRANSIT
148.000000,1,21,49,43,ARRIVED
148.000000,1,23,51,48,ARRIVED
149.000000,1,19,49,43,RDY_TO_MOVE
149.000000,0,5,1,6,IN_TRANSIT
149.000000,0,11,17,16,IN_TRANSIT
149.000000,1,17,47,41,IN_TRANSIT
150.000000,0,5,1,6,ARRIVED
150.000000,0,11,17,16,IN_TRANSIT
150.000000,1,17,47,41,IN_TRANSIT
150.000000,1,19,49,43,IN_TRANSIT
