0,player,node,groups,units,health
114.000000,1,39,[22],[174],[2.2]
114.000000,0,39,[11],[86],[2.2]
115.000000,1,39,[22],[174],[1.4]
115.000000,0,39,[11],[86],[1.4]
116.000000,1,39,[22],[174],[0.6]
116.000000,0,39,[11],[86],[0.6]
117.000000,1,39,[22;22],[174;179],[0.0;2.9]
117.000000,0,39,[11;11],[86;85],[0.0;2.9]
118.000000,1,39,[22],[179],[2.2]
118.000000,0,39,[11],[85],[2.2]
119.000000,1,39,[22],[179],[1.5]
119.000000,0,39,[11],[85],[1.5]
120.000000,1,39,[22],[179],[0.8]
120.000000,0,39,[11],[85],[0.8]
121.000000,1,39,[22],[179],[0.1]
121.000000,0,39,[11],[85],[0.1]
122.000000,1,39,[22;22],[179;177],[0.0;2.6]
122.000000,0,39,[11;11],[85;81],[0.0;2.6]
131.000000,1,31,[22],[177],[2.0]
131.000000,0,31,[11],[81],[2.0]
132.000000,1,31,[22],[177],[1.4]
132.000000,0,31,[11],[81],[1.4]
133.000000,1,31,[22],[177],[0.8]
133.000000,0,31,[11],[81],[0.8]
134.000000,1,31,[22],[177],[0.2]
134.000000,0,31,[11],[81],[0.2]
135.000000,1,31,[22;22],[177;176],[0.0;2.8]
135.000000,0,31,[11;11],[81;83],[0.0;2.8]
136.000000,1,31,[22],[176],[2.3]
136.000000,0,31,[11],[83],[2.3]
143.000000,1,32,[22],[176],[1.1]
143.000000,0,32,[4],[27],[2.5]
144.000000,1,32,[22;22],[176;175],[0.1;2.8]
144.000000,0,32,[4],[27],[2.0]
145.000000,1,32,[22;22],[176;175],[0.0;1.8]
145.000000,0,32,[4],[27],[1.5]
146.000000,1,32,[22],[175],[0.6]
146.000000,0,32,[4],[27],[1.1]
147.000000,1,32,[22;22],[175;180],[0.0;2.6]
147.000000,0,32,[4],[27],[0.7]
148.000000,1,32,[22],[180],[1.4]
148.000000,0,32,[4],[27],[0.4]
149.000000,1,32,[22;22],[180;173],[0.4;2.8]
149.000000,0,32,[4],[27],[0.1]
150.000000,1,32,[22;22],[180;173],[0.0;2.4]
150.000000,0,32,[4;4],[27;28],[0.0;2.9]
