0,player,group,start,destination,status
6.000000,0,11,1,5,IN_TRANSIT
7.000000,0,9,1,5,IN_TRANSIT
7.000000,0,11,1,5,IN_TRANSIT
8.000000,0,9,1,5,IN_TRANSIT
8.000000,0,11,1,5,ARRIVED
9.000000,0,9,1,5,ARRIVED
10.000000,0,3,1,5,IN_TRANSIT
11.000000,0,3,1,5,IN_TRANSIT
12.000000,0,3,1,5,ARRIVED
13.000000,1,16,51,47,RDY_TO_MOVE
14.000000,1,24,51,47,RDY_TO_MOVE
14.000000,0,2,1,5,IN_TRANSIT
14.000000,1,16,51,47,IN_TRANSIT
15.000000,1,23,51,47,RDY_TO_MOVE
15.000000,0,2,1,5,ARRIVED
15.000000,1,16,51,47,IN_TRANSIT
15.000000,1,24,51,47,IN_TRANSIT
16.000000,1,20,51,47,RDY_TO_MOVE
16.000000,1,16,51,47,ARRIVED
16.000000,1,23,51,47,IN_TRANSIT
16.000000,1,24,51,47,IN_TRANSIT
17.000000,1,20,51,47,IN_TRANSIT
17.000000,1,23,51,47,IN_TRANSIT
17.000000,1,24,51,47,ARRIVED
18.000000,1,20,51,47,IN_TRANSIT
18.000000,1,23,51,47,ARRIVED
19.000000,0,2,5,1,IN_TRANSIT
19.000000,1,20,51,47,ARRIVED
20.000000,1,23,47,40,RDY_TO_MOVE
20.000000,0,2,5,1,ARRIVED
21.000000,1,23,47,40,IN_TRANSIT
22.000000,1,19,51,47,RDY_TO_MOVE
22.000000,1,16,47,51,RDY_TO_MOVE
22.000000,1,23,47,40,IN_TRANSIT
23.000000,1,16,47,51,IN_TRANSIT
23.000000,1,19,51,47,IN_TRANSIT
23.000000,1,23,47,40,ARRIVED
24.000000,1,16,47,51,IN_TRANSIT
24.000000,1,19,51,47,IN_TRANSIT
25.000000,1,16,47,51,IN_TRANSIT
25.000000,1,19,51,47,ARRIVED
26.000000,1,20,47,40,RDY_TO_MOVE
26.000000,1,16,47,51,ARRIVED
27.000000,0,5,1,5,IN_TRANSIT
27.000000,0,9,5,12,IN_TRANSIT
27.000000,0,11,5,11,IN_TRANSIT
27.000000,1,20,47,40,IN_TRANSIT
28.000000,0,5,1,5,IN_TRANSIT
28.000000,0,9,5,12,IN_TRANSIT
28.000000,0,11,5,11,IN_TRANSIT
28.000000,1,20,47,40,IN_TRANSIT
29.000000,1,19,47,41,RDY_TO_MOVE
29.000000,0,5,1,5,ARRIVED
29.000000,0,9,5,12,ARRIVED
29.000000,0,11,5,11,ARRIVED
29.000000,1,20,47,40,ARRIVED
30.000000,1,19,47,41,IN_TRANSIT
31.000000,1,19,47,41,IN_TRANSIT
32.000000,1,19,47,41,ARRIVED
34.000000,1,24,47,39,RDY_TO_MOVE
35.000000,1,24,47,39,IN_TRANSIT
36.000000,1,24,47,39,IN_TRANSIT
37.000000,1,24,47,39,ARRIVED
38.000000,1,17,51,47,RDY_TO_MOVE
39.000000,1,17,51,47,IN_TRANSIT
40.000000,1,17,51,47,IN_TRANSIT
41.000000,1,23,40,47,RDY_TO_MOVE
41.000000,0,11,11,17,IN_TRANSIT
41.000000,1,17,51,47,ARRIVED
42.000000,0,11,11,17,IN_TRANSIT
42.000000,0,12,1,5,IN_TRANSIT
42.000000,1,23,40,47,IN_TRANSIT
43.000000,0,11,11,17,ARRIVED
43.000000,0,12,1,5,IN_TRANSIT
43.000000,1,23,40,47,IN_TRANSIT
44.000000,1,19,41,49,RDY_TO_MOVE
44.000000,0,12,1,5,ARRIVED
44.000000,1,23,40,47,IN_TRANSIT
45.000000,1,19,41,49,IN_TRANSIT
45.000000,1,23,40,47,ARRIVED
46.000000,1,24,39,40,RDY_TO_MOVE
46.000000,1,19,41,49,IN_TRANSIT
47.000000,0,5,5,13,IN_TRANSIT
47.000000,1,19,41,49,IN_TRANSIT
47.000000,1,24,39,40,IN_TRANSIT
48.000000,1,17,47,40,RDY_TO_MOVE
48.000000,0,5,5,13,IN_TRANSIT
48.000000,1,19,41,49,ARRIVED
48.000000,1,24,39,40,IN_TRANSIT
49.000000,1,19,49,42,RDY_TO_MOVE
49.000000,0,5,5,13,ARRIVED
49.000000,1,17,47,40,IN_TRANSIT
49.000000,1,24,39,40,ARRIVED
50.000000,1,17,47,40,IN_TRANSIT
50.000000,1,19,49,42,IN_TRANSIT
51.000000,1,17,47,40,ARRIVED
51.000000,1,19,49,42,IN_TRANSIT
52.000000,1,19,49,42,ARRIVED
53.000000,0,5,13,7,IN_TRANSIT
54.000000,1,23,47,51,RDY_TO_MOVE
54.000000,0,2,1,5,IN_TRANSIT
54.000000,0,5,13,7,IN_TRANSIT
54.000000,0,12,5,1,IN_TRANSIT
55.000000,1,24,40,34,RDY_TO_MOVE
55.000000,0,2,1,5,ARRIVED
55.000000,0,5,13,7,IN_TRANSIT
55.000000,0,12,5,1,IN_TRANSIT
55.000000,1,23,47,51,IN_TRANSIT
56.000000,1,17,40,39,RDY_TO_MOVE
56.000000,0,5,13,7,ARRIVED
56.000000,0,12,5,1,IN_TRANSIT
56.000000,1,23,47,51,IN_TRANSIT
56.000000,1,24,40,34,IN_TRANSIT
57.000000,0,9,12,5,IN_TRANSIT
57.000000,0,12,5,1,ARRIVED
57.000000,1,17,40,39,IN_TRANSIT
57.000000,1,23,47,51,IN_TRANSIT
57.000000,1,24,40,34,IN_TRANSIT
58.000000,1,20,40,47,RDY_TO_MOVE
58.000000,0,7,1,5,IN_TRANSIT
58.000000,0,9,12,5,IN_TRANSIT
58.000000,1,17,40,39,IN_TRANSIT
58.000000,1,23,47,51,ARRIVED
58.000000,1,24,40,34,ARRIVED
59.000000,0,7,1,5,IN_TRANSIT
59.000000,0,9,12,5,IN_TRANSIT
59.000000,1,17,40,39,ARRIVED
59.000000,1,20,40,47,IN_TRANSIT
60.000000,0,7,1,5,ARRIVED
60.000000,0,9,12,5,ARRIVED
60.000000,1,20,40,47,IN_TRANSIT
61.000000,1,20,40,47,IN_TRANSIT
62.000000,1,19,42,49,RDY_TO_MOVE
62.000000,1,20,40,47,ARRIVED
63.000000,1,19,42,49,IN_TRANSIT
64.000000,0,3,5,1,IN_TRANSIT
64.000000,1,19,42,49,IN_TRANSIT
65.000000,0,3,5,1,IN_TRANSIT
65.000000,1,19,42,49,IN_TRANSIT
66.000000,0,3,5,1,IN_TRANSIT
66.000000,1,19,42,49,ARRIVED
67.000000,0,3,5,1,ARRIVED
68.000000,1,17,39,40,RDY_TO_MOVE
68.000000,1,14,51,47,RDY_TO_MOVE
69.000000,0,3,1,5,IN_TRANSIT
69.000000,1,14,51,47,IN_TRANSIT
69.000000,1,17,39,40,IN_TRANSIT
70.000000,1,19,49,50,RDY_TO_MOVE
70.000000,0,3,1,5,IN_TRANSIT
70.000000,1,14,51,47,ARRIVED
70.000000,1,17,39,40,IN_TRANSIT
71.000000,0,3,1,5,ARRIVED
71.000000,0,11,17,24,IN_TRANSIT
71.000000,1,17,39,40,ARRIVED
71.000000,1,19,49,50,IN_TRANSIT
72.000000,0,7,5,1,IN_TRANSIT
72.000000,0,11,17,24,IN_TRANSIT
72.000000,1,19,49,50,IN_TRANSIT
73.000000,0,7,5,1,IN_TRANSIT
73.000000,0,11,17,24,ARRIVED
73.000000,1,19,49,50,IN_TRANSIT
74.000000,1,17,40,34,RDY_TO_MOVE
74.000000,1,14,47,39,RDY_TO_MOVE
74.000000,0,7,5,1,IN_TRANSIT
74.000000,1,19,49,50,ARRIVED
75.000000,0,7,5,1,ARRIVED
75.000000,1,14,47,39,IN_TRANSIT
75.000000,1,17,40,34,IN_TRANSIT
76.000000,1,14,47,39,ARRIVED
76.000000,1,17,40,34,IN_TRANSIT
77.000000,0,11,24,17,IN_TRANSIT
77.000000,1,17,40,34,ARRIVED
78.000000,0,3,5,11,IN_TRANSIT
78.000000,0,11,24,17,IN_TRANSIT
79.000000,1,14,39,45,RDY_TO_MOVE
79.000000,0,3,5,11,IN_TRANSIT
79.000000,0,11,24,17,ARRIVED
80.000000,1,15,51,47,RDY_TO_MOVE
80.000000,0,3,5,11,ARRIVED
80.000000,1,14,39,45,IN_TRANSIT
81.000000,1,14,39,45,ARRIVED
81.000000,1,15,51,47,IN_TRANSIT
82.000000,1,15,51,47,IN_TRANSIT
83.000000,1,15,51,47,ARRIVED
84.000000,0,11,17,23,IN_TRANSIT
85.000000,0,11,17,23,IN_TRANSIT
86.000000,0,6,1,5,IN_TRANSIT
86.000000,0,9,5,1,IN_TRANSIT
86.000000,0,11,17,23,IN_TRANSIT
87.000000,1,14,45,37,RDY_TO_MOVE
87.000000,0,6,1,5,IN_TRANSIT
87.000000,0,9,5,1,IN_TRANSIT
87.000000,0,11,17,23,ARRIVED
88.000000,0,6,1,5,ARRIVED
88.000000,0,9,5,1,IN_TRANSIT
88.000000,1,14,45,37,IN_TRANSIT
89.000000,1,23,51,47,RDY_TO_MOVE
89.000000,0,9,5,1,ARRIVED
89.000000,1,14,45,37,ARRIVED
90.000000,1,24,34,27,RDY_TO_MOVE
90.000000,1,20,47,40,RDY_TO_MOVE
90.000000,1,15,47,51,RDY_TO_MOVE
90.000000,1,23,51,47,IN_TRANSIT
91.000000,1,15,47,51,IN_TRANSIT
91.000000,1,20,47,40,IN_TRANSIT
91.000000,1,23,51,47,IN_TRANSIT
91.000000,1,24,34,27,IN_TRANSIT
92.000000,0,3,11,17,IN_TRANSIT
92.000000,0,5,7,8,IN_TRANSIT
92.000000,1,15,47,51,IN_TRANSIT
92.000000,1,20,47,40,IN_TRANSIT
92.000000,1,23,51,47,ARRIVED
92.000000,1,24,34,27,IN_TRANSIT
93.000000,1,16,51,47,RDY_TO_MOVE
93.000000,0,3,11,17,IN_TRANSIT
93.000000,0,5,7,8,IN_TRANSIT
93.000000,0,12,1,5,IN_TRANSIT
93.000000,1,15,47,51,IN_TRANSIT
93.000000,1,20,47,40,ARRIVED
93.000000,1,24,34,27,ARRIVED
94.000000,0,3,11,17,ARRIVED
94.000000,0,5,7,8,IN_TRANSIT
94.000000,0,12,1,5,IN_TRANSIT
94.000000,1,15,47,51,ARRIVED
94.000000,1,16,51,47,IN_TRANSIT
95.000000,0,5,7,8,ARRIVED
95.000000,0,12,1,5,ARRIVED
95.000000,1,16,51,47,IN_TRANSIT
96.000000,1,16,51,47,ARRIVED
97.000000,1,14,37,31,RDY_TO_MOVE
98.000000,0,4,1,5,IN_TRANSIT
98.000000,1,14,37,31,IN_TRANSIT
99.000000,1,20,40,47,RDY_TO_MOVE
99.000000,1,17,34,27,RDY_TO_MOVE
99.000000,0,3,17,23,IN_TRANSIT
99.000000,0,4,1,5,IN_TRANSIT
99.000000,0,12,5,11,IN_TRANSIT
99.000000,1,14,37,31,ARRIVED
100.000000,0,3,17,23,IN_TRANSIT
100.000000,0,4,1,5,ARRIVED
100.000000,0,12,5,11,IN_TRANSIT
100.000000,1,17,34,27,IN_TRANSIT
100.000000,1,20,40,47,IN_TRANSIT
101.000000,0,3,17,23,IN_TRANSIT
101.000000,0,5,8,14,IN_TRANSIT
101.000000,0,12,5,11,ARRIVED
101.000000,1,17,34,27,IN_TRANSIT
101.000000,1,20,40,47,IN_TRANSIT
102.000000,0,3,17,23,ARRIVED
102.000000,0,5,8,14,IN_TRANSIT
102.000000,0,6,5,13,IN_TRANSIT
102.000000,1,17,34,27,ARRIVED
102.000000,1,20,40,47,IN_TRANSIT
103.000000,1,23,47,41,RDY_TO_MOVE
103.000000,0,5,8,14,ARRIVED
103.000000,0,6,5,13,IN_TRANSIT
103.000000,0,9,1,5,IN_TRANSIT
103.000000,0,11,23,17,IN_TRANSIT
103.000000,1,20,40,47,ARRIVED
104.000000,0,6,5,13,ARRIVED
104.000000,0,9,1,5,IN_TRANSIT
104.000000,0,11,23,17,IN_TRANSIT
104.000000,1,23,47,41,IN_TRANSIT
105.000000,0,5,14,13,IN_TRANSIT
105.000000,0,9,1,5,ARRIVED
105.000000,0,11,23,17,ARRIVED
105.000000,1,23,47,41,IN_TRANSIT
106.000000,0,5,14,13,IN_TRANSIT
106.000000,0,6,13,14,IN_TRANSIT
106.000000,1,23,47,41,ARRIVED
107.000000,1,20,47,51,RDY_TO_MOVE
107.000000,0,5,14,13,ARRIVED
107.000000,0,6,13,14,IN_TRANSIT
107.000000,0,11,17,9,IN_TRANSIT
108.000000,1,14,31,37,RDY_TO_MOVE
108.000000,0,1,1,5,IN_TRANSIT
108.000000,0,6,13,14,IN_TRANSIT
108.000000,0,11,17,9,IN_TRANSIT
108.000000,1,20,47,51,IN_TRANSIT
109.000000,1,19,50,42,RDY_TO_MOVE
109.000000,0,1,1,5,ARRIVED
109.000000,0,2,5,12,IN_TRANSIT
109.000000,0,6,13,14,ARRIVED
109.000000,0,11,17,9,IN_TRANSIT
109.000000,1,14,31,37,IN_TRANSIT
109.000000,1,20,47,51,IN_TRANSIT
110.000000,0,2,5,12,ARRIVED
110.000000,0,5,13,7,IN_TRANSIT
110.000000,0,11,17,9,ARRIVED
110.000000,1,14,31,37,ARRIVED
110.000000,1,19,50,42,IN_TRANSIT
110.000000,1,20,47,51,IN_TRANSIT
111.000000,1,16,47,39,RDY_TO_MOVE
111.000000,0,5,13,7,IN_TRANSIT
111.000000,1,19,50,42,IN_TRANSIT
111.000000,1,20,47,51,ARRIVED
112.000000,0,5,13,7,IN_TRANSIT
112.000000,0,12,11,12,IN_TRANSIT
112.000000,1,16,47,39,IN_TRANSIT
112.000000,1,19,50,42,ARRIVED
113.000000,1,19,42,43,RDY_TO_MOVE
113.000000,0,5,13,7,ARRIVED
113.000000,0,12,11,12,IN_TRANSIT
113.000000,1,16,47,39,IN_TRANSIT
114.000000,0,6,14,13,IN_TRANSIT
114.000000,0,12,11,12,ARRIVED
114.000000,1,16,47,39,ARRIVED
114.000000,1,19,42,43,IN_TRANSIT
115.000000,0,6,14,13,IN_TRANSIT
115.000000,1,19,42,43,IN_TRANSIT
116.000000,0,6,14,13,ARRIVED
116.000000,1,19,42,43,IN_TRANSIT
117.000000,1,16,39,45,RDY_TO_MOVE
117.000000,1,18,51,47,RDY_TO_MOVE
117.000000,1,19,42,43,ARRIVED
118.000000,1,24,27,34,RDY_TO_MOVE
118.000000,1,16,39,45,IN_TRANSIT
118.000000,1,18,51,47,IN_TRANSIT
119.000000,1,16,39,45,IN_TRANSIT
119.000000,1,18,51,47,IN_TRANSIT
119.000000,1,24,27,34,IN_TRANSIT
120.000000,0,3,23,16,IN_TRANSIT
120.000000,1,16,39,45,IN_TRANSIT
120.000000,1,18,51,47,ARRIVED
120.000000,1,24,27,34,IN_TRANSIT
121.000000,0,3,23,16,IN_TRANSIT
121.000000,0,6,13,5,IN_TRANSIT
121.000000,1,16,39,45,ARRIVED
121.000000,1,24,27,34,ARRIVED
122.000000,0,3,23,16,ARRIVED
122.000000,0,4,5,13,IN_TRANSIT
122.000000,0,6,13,5,IN_TRANSIT
123.000000,0,4,5,13,IN_TRANSIT
123.000000,0,6,13,5,IN_TRANSIT
124.000000,1,14,37,31,RDY_TO_MOVE
124.000000,0,4,5,13,ARRIVED
124.000000,0,6,13,5,ARRIVED
124.000000,0,9,5,11,IN_TRANSIT
125.000000,0,9,5,11,IN_TRANSIT
125.000000,1,14,37,31,IN_TRANSIT
126.000000,0,9,5,11,ARRIVED
126.000000,1,14,37,31,ARRIVED
130.000000,1,23,41,49,RDY_TO_MOVE
130.000000,0,4,13,14,IN_TRANSIT
130.000000,0,11,9,3,IN_TRANSIT
131.000000,0,1,5,11,IN_TRANSIT
131.000000,0,4,13,14,IN_TRANSIT
131.000000,0,11,9,3,IN_TRANSIT
131.000000,1,23,41,49,IN_TRANSIT
132.000000,0,1,5,11,ARRIVED
132.000000,0,4,13,14,IN_TRANSIT
132.000000,0,11,9,3,ARRIVED
132.000000,0,12,12,20,IN_TRANSIT
132.000000,1,23,41,49,IN_TRANSIT
133.000000,0,2,12,5,IN_TRANSIT
133.000000,0,4,13,14,ARRIVED
133.000000,0,12,12,20,IN_TRANSIT
133.000000,1,23,41,49,IN_TRANSIT
134.000000,1,14,31,25,RDY_TO_MOVE
134.000000,0,2,12,5,ARRIVED
134.000000,0,12,12,20,ARRIVED
134.000000,1,23,41,49,ARRIVED
135.000000,0,1,11,3,IN_TRANSIT
135.000000,1,14,31,25,IN_TRANSIT
136.000000,1,19,43,42,RDY_TO_MOVE
136.000000,0,1,11,3,ARRIVED
136.000000,1,14,31,25,ARRIVED
137.000000,1,24,34,27,RDY_TO_MOVE
137.000000,0,10,1,5,IN_TRANSIT
137.000000,1,19,43,42,IN_TRANSIT
138.000000,1,15,51,47,RDY_TO_MOVE
138.000000,0,10,1,5,IN_TRANSIT
138.000000,1,19,43,42,IN_TRANSIT
138.000000,1,24,34,27,IN_TRANSIT
139.000000,0,2,5,1,IN_TRANSIT
139.000000,0,10,1,5,ARRIVED
139.000000,1,15,51,47,IN_TRANSIT
139.000000,1,19,43,42,ARRIVED
139.000000,1,24,34,27,IN_TRANSIT
140.000000,0,2,5,1,ARRIVED
140.000000,0,5,7,8,IN_TRANSIT
140.000000,0,9,11,12,IN_TRANSIT
140.000000,0,12,20,14,IN_TRANSIT
140.000000,1,15,51,47,IN_TRANSIT
140.000000,1,24,34,27,ARRIVED
141.000000,0,5,7,8,IN_TRANSIT
141.000000,0,6,5,1,IN_TRANSIT
141.000000,0,9,11,12,IN_TRANSIT
141.000000,0,12,20,14,IN_TRANSIT
141.000000,1,15,51,47,ARRIVED
142.000000,1,16,45,37,RDY_TO_MOVE
142.000000,0,5,7,8,IN_TRANSIT
142.000000,0,6,5,1,IN_TRANSIT
142.000000,0,9,11,12,ARRIVED
142.000000,0,10,5,13,IN_TRANSIT
142.000000,0,12,20,14,IN_TRANSIT
143.000000,0,5,7,8,ARRIVED
143.000000,0,6,5,1,IN_TRANSIT
143.000000,0,10,5,13,IN_TRANSIT
143.000000,0,12,20,14,ARRIVED
143.000000,1,16,45,37,IN_TRANSIT
144.000000,0,6,5,1,ARRIVED
144.000000,0,10,5,13,ARRIVED
144.000000,1,16,45,37,IN_TRANSIT
145.000000,1,16,45,37,ARRIVED
146.000000,1,15,47,51,RDY_TO_MOVE
146.000000,0,3,16,23,IN_TRANSIT
147.000000,0,3,16,23,IN_TRANSIT
147.000000,1,15,47,51,IN_TRANSIT
148.000000,1,16,37,31,RDY_TO_MOVE
148.000000,0,3,16,23,IN_TRANSIT
148.000000,1,15,47,51,IN_TRANSIT
149.000000,0,3,16,23,ARRIVED
149.000000,0,12,14,8,IN_TRANSIT
149.000000,1,15,47,51,IN_TRANSIT
149.000000,1,16,37,31,IN_TRANSIT
150.000000,1,14,25,24,RDY_TO_MOVE
150.000000,0,12,14,8,IN_TRANSIT
150.000000,1,15,47,51,ARRIVED
150.000000,1,16,37,31,IN_TRANSIT
