0,player1,player2,status,focus
0.000000,1100.0,1100.0,0,3
1.000000,1100.0,1100.0,0,3
2.000000,1100.0,1100.0,0,3
3.000000,1100.0,1100.0,0,3
4.000000,1100.0,1100.0,0,3
5.000000,1100.0,1100.0,0,3
6.000000,1099.0,1099.0,0,3
7.000000,1097.0,1096.0,0,3
8.000000,1095.0,1095.0,0,3
9.000000,1094.0,1093.0,0,3
10.000000,1093.0,1093.0,0,0
11.000000,1093.0,1092.0,0,0
12.000000,1093.0,1092.0,0,0
13.000000,1093.0,1092.0,0,0
14.000000,1093.0,1092.0,0,0
15.000000,1093.0,1092.0,0,0
16.000000,1093.0,1092.0,0,0
17.000000,1093.0,1092.0,0,0
18.000000,1093.0,1092.0,0,0
19.000000,1093.0,1092.0,0,0
20.000000,1093.0,1092.0,0,4
21.000000,1093.0,1092.0,0,4
22.000000,1093.0,1092.0,0,4
23.000000,1093.0,1092.0,0,4
24.000000,1093.0,1092.0,0,4
25.000000,1093.0,1092.0,0,4
26.000000,1093.0,1092.0,0,4
27.000000,1093.0,1092.0,0,4
28.000000,1093.0,1092.0,0,4
29.000000,1093.0,1092.0,0,4
30.000000,1093.0,1092.0,0,20
31.000000,1093.0,1092.0,0,20
32.000000,1093.0,1092.0,0,20
33.000000,1093.0,1092.0,0,20
34.000000,1093.0,1092.0,0,20
35.000000,1093.0,1092.0,0,20
36.000000,1093.0,1092.0,0,20
37.000000,1093.0,1092.0,0,20
38.000000,1093.0,1092.0,0,20
39.000000,1093.0,1092.0,0,20
40.000000,1093.0,1092.0,0,10
41.000000,1093.0,1092.0,0,10
42.000000,1093.0,1092.0,0,10
43.000000,1093.0,1092.0,0,10
44.000000,1093.0,1092.0,0,10
45.000000,1093.0,1092.0,0,10
46.000000,1093.0,1092.0,0,10
47.000000,1093.0,1092.0,0,10
48.000000,1093.0,1092.0,0,10
49.000000,1093.0,1092.0,0,10
50.000000,1093.0,1092.0,0,4
51.000000,1093.0,1092.0,0,4
52.000000,1093.0,1092.0,0,4
53.000000,1093.0,1092.0,0,4
54.000000,1093.0,1092.0,0,4
55.000000,1093.0,1092.0,0,4
56.000000,1093.0,1092.0,0,4
57.000000,1093.0,1092.0,0,4
58.000000,1093.0,1092.0,0,4
59.000000,1093.0,1092.0,0,4
60.000000,1093.0,1092.0,0,1
61.000000,1093.0,1092.0,0,1
62.000000,1093.0,1092.0,0,1
63.000000,1093.0,1092.0,0,1
64.000000,1093.0,1092.0,0,1
65.000000,1093.0,1092.0,0,1
66.000000,1093.0,1092.0,0,1
67.000000,1093.0,1092.0,0,1
68.000000,1093.0,1092.0,0,1
69.000000,1093.0,1092.0,0,1
70.000000,1093.0,1092.0,0,19
71.000000,1093.0,1092.0,0,19
72.000000,1093.0,1092.0,0,19
73.000000,1093.0,1092.0,0,19
74.000000,1093.0,1092.0,0,19
75.000000,1093.0,1092.0,0,19
76.000000,1093.0,1092.0,0,19
77.000000,1093.0,1092.0,0,19
78.000000,1093.0,1092.0,0,19
79.000000,1093.0,1092.0,0,19
80.000000,1093.0,1092.0,0,15
81.000000,1093.0,1092.0,0,15
82.000000,1093.0,1092.0,0,15
83.000000,1093.0,1092.0,0,15
84.000000,1093.0,1092.0,0,15
85.000000,1093.0,1092.0,0,15
86.000000,1093.0,1092.0,0,15
87.000000,1093.0,1092.0,0,15
88.000000,1093.0,1092.0,0,15
89.000000,1093.0,1092.0,0,15
90.000000,1093.0,1092.0,0,23
91.000000,1093.0,1092.0,0,23
92.000000,1093.0,1092.0,0,23
93.000000,1093.0,1092.0,0,23
94.000000,1093.0,1092.0,0,23
95.000000,1093.0,1092.0,0,23
96.000000,1093.0,1092.0,0,23
97.000000,1093.0,1092.0,0,23
98.000000,1093.0,1092.0,0,23
99.000000,1093.0,1092.0,0,23
100.000000,1093.0,1092.0,0,20
101.000000,1093.0,1092.0,0,20
102.000000,1093.0,1092.0,0,20
103.000000,1093.0,1092.0,0,20
104.000000,1093.0,1092.0,0,20
105.000000,1093.0,1092.0,0,20
106.000000,1093.0,1092.0,0,20
107.000000,1093.0,1092.0,0,20
108.000000,1093.0,1092.0,0,20
109.000000,1093.0,1092.0,0,20
110.000000,1093.0,1092.0,0,14
111.000000,1093.0,1092.0,0,14
112.000000,1093.0,1092.0,0,14
113.000000,1093.0,1092.0,0,14
114.000000,1093.0,1092.0,0,14
115.000000,1093.0,1092.0,0,14
116.000000,1093.0,1092.0,0,14
117.000000,1093.0,1092.0,0,14
118.000000,1093.0,1092.0,0,14
119.000000,1093.0,1092.0,0,14
120.000000,1093.0,1092.0,0,18
121.000000,1093.0,1092.0,0,18
122.000000,1093.0,1092.0,0,18
123.000000,1093.0,1092.0,0,18
124.000000,1093.0,1092.0,0,18
125.000000,1093.0,1092.0,0,18
126.000000,1093.0,1092.0,0,18
127.000000,1093.0,1092.0,0,18
128.000000,1093.0,1092.0,0,18
129.000000,1093.0,1092.0,0,18
130.000000,1093.0,1092.0,0,17
131.000000,1093.0,1092.0,0,17
132.000000,1093.0,1092.0,0,17
133.000000,1093.0,1092.0,0,17
134.000000,1093.0,1092.0,0,17
135.000000,1093.0,1092.0,0,17
136.000000,1093.0,1092.0,0,17
137.000000,1093.0,1092.0,0,17
138.000000,1093.0,1092.0,0,17
139.000000,1093.0,1092.0,0,17
140.000000,1093.0,1092.0,0,2
141.000000,1093.0,1092.0,0,2
142.000000,1093.0,1092.0,0,2
143.000000,1093.0,1092.0,0,2
144.000000,1093.0,1092.0,0,2
145.000000,1093.0,1092.0,0,2
146.000000,1093.0,1092.0,0,2
147.000000,1093.0,1092.0,0,2
148.000000,1093.0,1092.0,0,2
149.000000,1093.0,1092.0,0,2
150.000000,1093.0,1092.0,1,14
