0,player1,player2,status,focus
0.000000,1100.0,1100.0,0,13
1.000000,1100.0,1100.0,0,13
2.000000,1100.0,1100.0,0,13
3.000000,1100.0,1100.0,0,13
4.000000,1099.0,1099.0,0,13
5.000000,1098.0,1098.0,0,13
6.000000,1097.0,1097.0,0,13
7.000000,1096.0,1096.0,0,13
8.000000,1095.0,1095.0,0,13
9.000000,1095.0,1095.0,0,13
10.000000,1094.0,1094.0,0,15
11.000000,1094.0,1094.0,0,15
12.000000,1094.0,1094.0,0,15
13.000000,1093.0,1093.0,0,15
14.000000,1093.0,1093.0,0,15
15.000000,1093.0,1093.0,0,15
16.000000,1093.0,1093.0,0,15
17.000000,1093.0,1093.0,0,15
18.000000,1092.0,1092.0,0,15
19.000000,1092.0,1092.0,0,15
20.000000,1092.0,1092.0,0,0
21.000000,1092.0,1092.0,0,0
22.000000,1092.0,1092.0,0,0
23.000000,1092.0,1092.0,0,0
24.000000,1092.0,1092.0,0,0
25.000000,1092.0,1092.0,0,0
26.000000,1092.0,1092.0,0,0
27.000000,1092.0,1092.0,0,0
28.000000,1092.0,1092.0,0,0
29.000000,1092.0,1092.0,0,0
30.000000,1092.0,1092.0,0,4
31.000000,1092.0,1092.0,0,4
32.000000,1092.0,1092.0,0,4
33.000000,1092.0,1092.0,0,4
34.000000,1092.0,1092.0,0,4
35.000000,1092.0,1092.0,0,4
36.000000,1092.0,1092.0,0,4
37.000000,1092.0,1092.0,0,4
38.000000,1092.0,1092.0,0,4
39.000000,1092.0,1092.0,0,4
40.000000,1092.0,1092.0,0,8
41.000000,1092.0,1092.0,0,8
42.000000,1092.0,1092.0,0,8
43.000000,1092.0,1092.0,0,8
44.000000,1092.0,1092.0,0,8
45.000000,1092.0,1092.0,0,8
46.000000,1092.0,1092.0,0,8
47.000000,1092.0,1092.0,0,8
48.000000,1092.0,1092.0,0,8
49.000000,1092.0,1092.0,0,8
50.000000,1092.0,1092.0,0,2
51.000000,1092.0,1092.0,0,2
52.000000,1092.0,1092.0,0,2
53.000000,1092.0,1092.0,0,2
54.000000,1092.0,1092.0,0,2
55.000000,1092.0,1092.0,0,2
56.000000,1092.0,1092.0,0,2
57.000000,1092.0,1092.0,0,2
58.000000,1092.0,1092.0,0,2
59.000000,1092.0,1092.0,0,2
60.000000,1092.0,1092.0,0,4
61.000000,1092.0,1092.0,0,4
62.000000,1092.0,1092.0,0,4
63.000000,1092.0,1092.0,0,4
64.000000,1092.0,1092.0,0,4
65.000000,1092.0,1092.0,0,4
66.000000,1092.0,1092.0,0,4
67.000000,1092.0,1092.0,0,4
68.000000,1092.0,1092.0,0,4
69.000000,1092.0,1092.0,0,4
70.000000,1092.0,1092.0,0,10
71.000000,1092.0,1092.0,0,10
72.000000,1092.0,1092.0,0,10
73.000000,1092.0,1092.0,0,10
74.000000,1092.0,1092.0,0,10
75.000000,1092.0,1092.0,0,10
76.000000,1092.0,1092.0,0,10
77.000000,1092.0,1092.0,0,10
78.000000,1092.0,1092.0,0,10
79.000000,1092.0,1092.0,0,10
80.000000,1092.0,1092.0,0,7
81.000000,1092.0,1092.0,0,7
82.000000,1092.0,1092.0,0,7
83.000000,1092.0,1092.0,0,7
84.000000,1092.0,1092.0,0,7
85.000000,1092.0,1092.0,0,7
86.000000,1092.0,1092.0,0,7
87.000000,1092.0,1092.0,0,7
88.000000,1092.0,1092.0,0,7
89.000000,1092.0,1092.0,0,7
90.000000,1092.0,1092.0,0,3
91.000000,1092.0,1092.0,0,3
92.000000,1092.0,1092.0,0,3
93.000000,1092.0,1092.0,0,3
94.000000,1092.0,1092.0,0,3
95.000000,1092.0,1092.0,0,3
96.000000,1092.0,1092.0,0,3
97.000000,1092.0,1092.0,0,3
98.000000,1092.0,1092.0,0,3
99.000000,1092.0,1092.0,0,3
100.000000,1092.0,1092.0,0,13
101.000000,1092.0,1092.0,0,13
102.000000,1092.0,1092.0,0,13
103.000000,1092.0,1092.0,0,13
104.000000,1092.0,1092.0,0,13
105.000000,1092.0,1092.0,0,13
106.000000,1092.0,1092.0,0,13
107.000000,1092.0,1092.0,0,13
108.000000,1092.0,1092.0,0,13
109.000000,1092.0,1092.0,0,13
110.000000,1092.0,1092.0,0,15
111.000000,1092.0,1092.0,0,15
112.000000,1092.0,1092.0,0,15
113.000000,1092.0,1092.0,0,15
114.000000,1092.0,1092.0,0,15
115.000000,1092.0,1092.0,0,15
116.000000,1092.0,1092.0,0,15
117.000000,1092.0,1092.0,0,15
118.000000,1092.0,1092.0,0,15
119.000000,1092.0,1092.0,0,15
120.000000,1092.0,1092.0,0,15
121.000000,1092.0,1092.0,0,15
122.000000,1092.0,1092.0,0,15
123.000000,1092.0,1092.0,0,15
124.000000,1092.0,1092.0,0,15
125.000000,1092.0,1092.0,0,15
126.000000,1092.0,1092.0,0,15
127.000000,1092.0,1092.0,0,15
128.000000,1092.0,1092.0,0,15
129.000000,1092.0,1092.0,0,15
130.000000,1092.0,1092.0,0,20
131.000000,1092.0,1092.0,0,20
132.000000,1092.0,1092.0,0,20
133.000000,1092.0,1092.0,0,20
134.000000,1092.0,1092.0,0,20
135.000000,1092.0,1092.0,0,20
136.000000,1092.0,1092.0,0,20
137.000000,1092.0,1092.0,0,20
138.000000,1092.0,1092.0,0,20
139.000000,1092.0,1092.0,0,20
140.000000,1092.0,1092.0,0,17
141.000000,1092.0,1092.0,0,17
142.000000,1092.0,1092.0,0,17
143.000000,1092.0,1092.0,0,17
144.000000,1092.0,1092.0,0,17
145.000000,1092.0,1092.0,0,17
146.000000,1092.0,1092.0,0,17
147.000000,1092.0,1092.0,0,17
148.000000,1092.0,1092.0,0,17
149.000000,1092.0,1092.0,0,17
150.000000,1092.0,1092.0,1,5
