0,player1,player2,status,focus
0.000000,1100.0,1100.0,0,20
1.000000,1100.0,1100.0,0,20
2.000000,1100.0,1100.0,0,20
3.000000,1100.0,1100.0,0,20
4.000000,1100.0,1100.0,0,20
5.000000,1100.0,1100.0,0,20
6.000000,1100.0,1100.0,0,20
7.000000,1100.0,1100.0,0,20
8.000000,1100.0,1100.0,0,20
9.000000,1100.0,1100.0,0,20
10.000000,1100.0,1100.0,0,8
11.000000,1100.0,1100.0,0,8
12.000000,1100.0,1100.0,0,8
13.000000,1100.0,1100.0,0,8
14.000000,1100.0,1100.0,0,8
15.000000,1100.0,1100.0,0,8
16.000000,1100.0,1100.0,0,8
17.000000,1100.0,1100.0,0,8
18.000000,1100.0,1100.0,0,8
19.000000,1100.0,1100.0,0,8
20.000000,1100.0,1100.0,0,20
21.000000,1100.0,1100.0,0,20
22.000000,1100.0,1100.0,0,20
23.000000,1100.0,1100.0,0,20
24.000000,1100.0,1100.0,0,20
25.000000,1100.0,1100.0,0,20
26.000000,1100.0,1100.0,0,20
27.000000,1100.0,1100.0,0,20
28.000000,1100.0,1100.0,0,20
29.000000,1100.0,1100.0,0,20
30.000000,1100.0,1100.0,0,7
31.000000,1100.0,1100.0,0,7
32.000000,1100.0,1100.0,0,7
33.000000,1100.0,1100.0,0,7
34.000000,1100.0,1100.0,0,7
35.000000,1100.0,1100.0,0,7
36.000000,1100.0,1100.0,0,7
37.000000,1100.0,1100.0,0,7
38.000000,1100.0,1100.0,0,7
39.000000,1100.0,1100.0,0,7
40.000000,1100.0,1100.0,0,19
41.000000,1100.0,1100.0,0,19
42.000000,1100.0,1100.0,0,19
43.000000,1100.0,1100.0,0,19
44.000000,1100.0,1100.0,0,19
45.000000,1100.0,1100.0,0,19
46.000000,1100.0,1100.0,0,19
47.000000,1100.0,1100.0,0,19
48.000000,1100.0,1100.0,0,19
49.000000,1100.0,1100.0,0,19
50.000000,1100.0,1100.0,0,7
51.000000,1100.0,1100.0,0,7
52.000000,1100.0,1100.0,0,7
53.000000,1100.0,1100.0,0,7
54.000000,1100.0,1100.0,0,7
55.000000,1100.0,1100.0,0,7
56.000000,1100.0,1100.0,0,7
57.000000,1100.0,1100.0,0,7
58.000000,1100.0,1100.0,0,7
59.000000,1100.0,1100.0,0,7
60.000000,1100.0,1100.0,0,7
61.000000,1100.0,1100.0,0,7
62.000000,1100.0,1100.0,0,7
63.000000,1100.0,1100.0,0,7
64.000000,1100.0,1100.0,0,7
65.000000,1100.0,1100.0,0,7
66.000000,1100.0,1100.0,0,7
67.000000,1100.0,1100.0,0,7
68.000000,1100.0,1100.0,0,7
69.000000,1100.0,1100.0,0,7
70.000000,1100.0,1100.0,0,23
71.000000,1100.0,1100.0,0,23
72.000000,1100.0,1100.0,0,23
73.000000,1100.0,1100.0,0,23
74.000000,1100.0,1100.0,0,23
75.000000,1100.0,1100.0,0,23
76.000000,1100.0,1100.0,0,23
77.000000,1100.0,1100.0,0,23
78.000000,1100.0,1100.0,0,23
79.000000,1100.0,1100.0,0,23
80.000000,1100.0,1100.0,0,15
81.000000,1100.0,1100.0,0,15
82.000000,1100.0,1100.0,0,15
83.000000,1100.0,1100.0,0,15
84.000000,1100.0,1100.0,0,15
85.000000,1100.0,1100.0,0,15
86.000000,1100.0,1100.0,0,15
87.000000,1100.0,1100.0,0,15
88.000000,1100.0,1100.0,0,15
89.000000,1100.0,1100.0,0,15
90.000000,1100.0,1100.0,0,7
91.000000,1100.0,1100.0,0,7
92.000000,1100.0,1100.0,0,7
93.000000,1100.0,1100.0,0,7
94.000000,1100.0,1100.0,0,7
95.000000,1100.0,1100.0,0,7
96.000000,1100.0,1100.0,0,7
97.000000,1100.0,1100.0,0,7
98.000000,1100.0,1100.0,0,7
99.000000,1100.0,1100.0,0,7
100.000000,1100.0,1100.0,0,24
101.000000,1100.0,1100.0,0,24
102.000000,1100.0,1100.0,0,24
103.000000,1100.0,1100.0,0,24
104.000000,1100.0,1100.0,0,24
105.000000,1100.0,1100.0,0,24
106.000000,1100.0,1100.0,0,24
107.000000,1100.0,1100.0,0,24
108.000000,1100.0,1100.0,0,24
109.000000,1100.0,1100.0,0,24
110.000000,1100.0,1100.0,0,23
111.000000,1100.0,1100.0,0,23
112.000000,1100.0,1100.0,0,23
113.000000,1100.0,1100.0,0,23
114.000000,1100.0,1100.0,0,23
115.000000,1100.0,1100.0,0,23
116.000000,1100.0,1100.0,0,23
117.000000,1100.0,1100.0,0,23
118.000000,1100.0,1100.0,0,23
119.000000,1100.0,1100.0,0,23
120.000000,1100.0,1100.0,0,23
121.000000,1100.0,1100.0,0,23
122.000000,1100.0,1100.0,0,23
123.000000,1100.0,1100.0,0,23
124.000000,1100.0,1100.0,0,23
125.000000,1100.0,1100.0,0,23
126.000000,1100.0,1100.0,0,23
127.000000,1100.0,1100.0,0,23
128.000000,1100.0,1100.0,0,23
129.000000,1100.0,1100.0,0,23
130.000000,1100.0,1100.0,0,19
131.000000,1100.0,1100.0,0,19
132.000000,1100.0,1100.0,0,19
133.000000,1100.0,1100.0,0,19
134.000000,1100.0,1100.0,0,19
135.000000,1100.0,1100.0,0,19
136.000000,1100.0,1100.0,0,19
137.000000,1100.0,1100.0,0,19
138.000000,1100.0,1100.0,0,19
139.000000,1100.0,1100.0,0,19
140.000000,1100.0,1100.0,0,12
141.000000,1100.0,1100.0,0,12
142.000000,1100.0,1100.0,0,12
143.000000,1100.0,1100.0,0,12
144.000000,1100.0,1100.0,0,12
145.000000,1100.0,1100.0,0,12
146.000000,1100.0,1100.0,0,12
147.000000,1100.0,1100.0,0,12
148.000000,1100.0,1100.0,0,12
149.000000,1100.0,1100.0,0,12
150.000000,1100.0,1100.0,1,6
