0,player1,player2,status,focus
0.000000,1100.0,1100.0,0,22
1.000000,1100.0,1100.0,0,22
2.000000,1100.0,1100.0,0,22
3.000000,1100.0,1100.0,0,22
4.000000,1099.0,1099.0,0,22
5.000000,1098.0,1098.0,0,22
6.000000,1097.0,1097.0,0,22
7.000000,1096.0,1096.0,0,22
8.000000,1095.0,1095.0,0,22
9.000000,1095.0,1095.0,0,22
10.000000,1094.0,1094.0,0,7
11.000000,1094.0,1094.0,0,7
12.000000,1094.0,1094.0,0,7
13.000000,1093.0,1093.0,0,7
14.000000,1093.0,1093.0,0,7
15.000000,1093.0,1093.0,0,7
16.000000,1093.0,1093.0,0,7
17.000000,1093.0,1093.0,0,7
18.000000,1092.0,1092.0,0,7
19.000000,1092.0,1092.0,0,7
20.000000,1092.0,1092.0,0,3
21.000000,1092.0,1092.0,0,3
22.000000,1092.0,1092.0,0,3
23.000000,1092.0,1092.0,0,3
24.000000,1092.0,1092.0,0,3
25.000000,1092.0,1092.0,0,3
26.000000,1092.0,1092.0,0,3
27.000000,1092.0,1092.0,0,3
28.000000,1092.0,1092.0,0,3
29.000000,1092.0,1092.0,0,3
30.000000,1092.0,1092.0,0,19
31.000000,1092.0,1092.0,0,19
32.000000,1092.0,1092.0,0,19
33.000000,1092.0,1092.0,0,19
34.000000,1092.0,1092.0,0,19
35.000000,1092.0,1092.0,0,19
36.000000,1092.0,1092.0,0,19
37.000000,1092.0,1092.0,0,19
38.000000,1092.0,1092.0,0,19
39.000000,1092.0,1092.0,0,19
40.000000,1092.0,1092.0,0,10
41.000000,1092.0,1092.0,0,10
42.000000,1092.0,1092.0,0,10
43.000000,1092.0,1092.0,0,10
44.000000,1092.0,1092.0,0,10
45.000000,1092.0,1092.0,0,10
46.000000,1092.0,1092.0,0,10
47.000000,1092.0,1092.0,0,10
48.000000,1092.0,1092.0,0,10
49.000000,1092.0,1092.0,0,10
50.000000,1092.0,1092.0,0,10
51.000000,1092.0,1092.0,0,10
52.000000,1092.0,1092.0,0,10
53.000000,1092.0,1092.0,0,10
54.000000,1092.0,1092.0,0,10
55.000000,1092.0,1092.0,0,10
56.000000,1092.0,1092.0,0,10
57.000000,1092.0,1092.0,0,10
58.000000,1092.0,1092.0,0,10
59.000000,1092.0,1092.0,0,10
60.000000,1092.0,1092.0,0,12
61.000000,1092.0,1092.0,0,12
62.000000,1092.0,1092.0,0,12
63.000000,1092.0,1092.0,0,12
64.000000,1092.0,1092.0,0,12
65.000000,1092.0,1092.0,0,12
66.000000,1092.0,1092.0,0,12
67.000000,1092.0,1092.0,0,12
68.000000,1092.0,1092.0,0,12
69.000000,1092.0,1092.0,0,12
70.000000,1092.0,1092.0,0,5
71.000000,1092.0,1092.0,0,5
72.000000,1092.0,1092.0,0,5
73.000000,1092.0,1092.0,0,5
74.000000,1092.0,1092.0,0,5
75.000000,1092.0,1092.0,0,5
76.000000,1092.0,1092.0,0,5
77.000000,1092.0,1092.0,0,5
78.000000,1092.0,1092.0,0,5
79.000000,1092.0,1092.0,0,5
80.000000,1092.0,1092.0,0,19
81.000000,1092.0,1092.0,0,19
82.000000,1092.0,1092.0,0,19
83.000000,1092.0,1092.0,0,19
84.000000,1092.0,1092.0,0,19
85.000000,1092.0,1092.0,0,19
86.000000,1092.0,1092.0,0,19
87.000000,1092.0,1092.0,0,19
88.000000,1092.0,1092.0,0,19
89.000000,1092.0,1092.0,0,19
90.000000,1092.0,1092.0,0,2
91.000000,1092.0,1092.0,0,2
92.000000,1092.0,1092.0,0,2
93.000000,1092.0,1092.0,0,2
94.000000,1092.0,1092.0,0,2
95.000000,1092.0,1092.0,0,2
96.000000,1092.0,1092.0,0,2
97.000000,1092.0,1092.0,0,2
98.000000,1092.0,1092.0,0,2
99.000000,1092.0,1092.0,0,2
100.000000,1092.0,1092.0,0,24
101.000000,1092.0,1092.0,0,24
102.000000,1092.0,1092.0,0,24
103.000000,1092.0,1092.0,0,24
104.000000,1092.0,1092.0,0,24
105.000000,1092.0,1092.0,0,24
106.000000,1092.0,1092.0,0,24
107.000000,1092.0,1092.0,0,24
108.000000,1092.0,1092.0,0,24
109.000000,1092.0,1092.0,0,24
110.000000,1092.0,1092.0,0,15
111.000000,1092.0,1092.0,0,15
112.000000,1092.0,1092.0,0,15
113.000000,1092.0,1092.0,0,15
114.000000,1092.0,1092.0,0,15
115.000000,1092.0,1092.0,0,15
116.000000,1092.0,1092.0,0,15
117.000000,1092.0,1092.0,0,15
118.000000,1092.0,1092.0,0,15
119.000000,1092.0,1092.0,0,15
120.000000,1092.0,1092.0,0,9
121.000000,1092.0,1092.0,0,9
122.000000,1092.0,1092.0,0,9
123.000000,1092.0,1092.0,0,9
124.000000,1092.0,1092.0,0,9
125.000000,1092.0,1092.0,0,9
126.000000,1092.0,1092.0,0,9
127.000000,1092.0,1092.0,0,9
128.000000,1092.0,1092.0,0,9
129.000000,1092.0,1092.0,0,9
130.000000,1092.0,1092.0,0,13
131.000000,1092.0,1092.0,0,13
132.000000,1092.0,1092.0,0,13
133.000000,1092.0,1092.0,0,13
134.000000,1092.0,1092.0,0,13
135.000000,1092.0,1092.0,0,13
136.000000,1092.0,1092.0,0,13
137.000000,1092.0,1092.0,0,13
138.000000,1092.0,1092.0,0,13
139.000000,1092.0,1092.0,0,13
140.000000,1092.0,1092.0,0,21
141.000000,1092.0,1092.0,0,21
142.000000,1092.0,1092.0,0,21
143.000000,1092.0,1092.0,0,21
144.000000,1092.0,1092.0,0,21
145.000000,1092.0,1092.0,0,21
146.000000,1092.0,1092.0,0,21
147.000000,1092.0,1092.0,0,21
148.000000,1092.0,1092.0,0,21
149.000000,1092.0,1092.0,0,21
150.000000,1092.0,1092.0,1,23
