0,player,node,groups,units,health
121.000000,1,29,[23],[182],[2.1]
121.000000,0,29,[5],[38],[0.2]
122.000000,1,22,[22],[179],[2.2]
122.000000,0,22,[10],[78],[2.4]
122.000000,1,29,[23],[182],[1.3]
122.000000,0,29,[10],[78],[0.8]
123.000000,1,22,[22],[179],[1.4]
123.000000,0,22,[10],[78],[0.3]
123.000000,1,29,[23],[182],[0.5]
123.000000,0,29,[10;10],[78;77],[0.0;1.8]
124.000000,1,22,[22],[179],[0.7]
124.000000,0,22,[10],[77],[1.2]
124.000000,1,29,[23;22],[182;179],[0.0;0.6]
124.000000,0,29,[10;10],[77;73],[0.0;2.8]
125.000000,1,22,[22;22],[179;180],[0.0;2.5]
125.000000,0,22,[5;10],[38;73],[0.0;2.7]
126.000000,1,22,[22],[180],[1.9]
126.000000,0,22,[10],[73],[2.2]
126.000000,1,29,[22;22],[180;177],[0.5;2.2]
126.000000,0,29,[10],[73],[1.5]
127.000000,1,22,[22],[180],[0.0]
127.000000,0,22,[10],[73],[1.0]
127.000000,1,29,[22;22;22],[180;177;178],[0.0;0.9;2.2]
127.000000,0,29,[10],[73],[0.3]
128.000000,1,22,[22],[177],[0.3]
128.000000,0,22,[10;10],[73;76],[0.0;2.4]
129.000000,1,22,[22],[177],[0.0]
129.000000,0,22,[10],[76],[1.5]
146.000000,1,14,[23],[185],[1.8]
146.000000,0,14,[12],[92],[0.7]
147.000000,1,14,[23],[185],[0.6]
147.000000,0,14,[12],[92],[0.4]
148.000000,1,14,[23;23],[185;184],[0.0;1.7]
148.000000,0,14,[12],[92],[0.1]
149.000000,1,14,[23],[184],[0.0]
149.000000,0,14,[12;5],[92;35],[0.0;2.8]
150.000000,1,14,[23],[188],[1.9]
150.000000,0,14,[12],[93],[2.6]
