0,player1,player2,status,focus
0.000000,1100.0,1100.0,0,12
1.000000,1100.0,1100.0,0,12
2.000000,1100.0,1100.0,0,12
3.000000,1100.0,1100.0,0,12
4.000000,1100.0,1100.0,0,12
5.000000,1100.0,1099.0,0,12
6.000000,1099.0,1098.0,0,12
7.000000,1097.0,1097.0,0,12
8.000000,1095.0,1095.0,0,12
9.000000,1095.0,1094.0,0,12
10.000000,1095.0,1092.0,0,19
11.000000,1095.0,1092.0,0,19
12.000000,1095.0,1092.0,0,19
13.000000,1095.0,1092.0,0,19
14.000000,1095.0,1092.0,0,19
15.000000,1095.0,1092.0,0,19
16.000000,1095.0,1092.0,0,19
17.000000,1095.0,1092.0,0,19
18.000000,1095.0,1092.0,0,19
19.000000,1095.0,1092.0,0,19
20.000000,1095.0,1092.0,0,21
21.000000,1095.0,1092.0,0,21
22.000000,1095.0,1092.0,0,21
23.000000,1095.0,1092.0,0,21
24.000000,1095.0,1092.0,0,21
25.000000,1095.0,1092.0,0,21
26.000000,1095.0,1092.0,0,21
27.000000,1095.0,1092.0,0,21
28.000000,1095.0,1092.0,0,21
29.000000,1095.0,1092.0,0,21
30.000000,1095.0,1092.0,0,12
31.000000,1095.0,1092.0,0,12
32.000000,1095.0,1092.0,0,12
33.000000,1095.0,1092.0,0,12
34.000000,1095.0,1092.0,0,12
35.000000,1095.0,1092.0,0,12
36.000000,1095.0,1092.0,0,12
37.000000,1095.0,1092.0,0,12
38.000000,1095.0,1092.0,0,12
39.000000,1095.0,1092.0,0,12
40.000000,1095.0,1092.0,0,24
41.000000,1095.0,1092.0,0,24
42.000000,1095.0,1092.0,0,24
43.000000,1095.0,1092.0,0,24
44.000000,1095.0,1092.0,0,24
45.000000,1095.0,1092.0,0,24
46.000000,1095.0,1092.0,0,24
47.000000,1095.0,1092.0,0,24
48.000000,1095.0,1092.0,0,24
49.000000,1095.0,1092.0,0,24
50.000000,1095.0,1092.0,0,5
51.000000,1095.0,1092.0,0,5
52.000000,1095.0,1092.0,0,5
53.000000,1095.0,1092.0,0,5
54.000000,1095.0,1092.0,0,5
55.000000,1095.0,1092.0,0,5
56.000000,1095.0,1092.0,0,5
57.000000,1095.0,1092.0,0,5
58.000000,1095.0,1092.0,0,5
59.000000,1095.0,1092.0,0,5
60.000000,1095.0,1092.0,0,4
61.000000,1095.0,1092.0,0,4
62.000000,1095.0,1092.0,0,4
63.000000,1095.0,1092.0,0,4
64.000000,1095.0,1092.0,0,4
65.000000,1095.0,1092.0,0,4
66.000000,1095.0,1092.0,0,4
67.000000,1095.0,1092.0,0,4
68.000000,1095.0,1092.0,0,4
69.000000,1095.0,1092.0,0,4
70.000000,1095.0,1092.0,0,7
71.000000,1095.0,1092.0,0,7
72.000000,1095.0,1092.0,0,7
73.000000,1095.0,1092.0,0,7
74.000000,1095.0,1092.0,0,7
75.000000,1095.0,1092.0,0,7
76.000000,1095.0,1092.0,0,7
77.000000,1095.0,1092.0,0,7
78.000000,1095.0,1092.0,0,7
79.000000,1095.0,1092.0,0,7
80.000000,1095.0,1092.0,0,12
81.000000,1095.0,1092.0,0,12
82.000000,1095.0,1092.0,0,12
83.000000,1095.0,1092.0,0,12
84.000000,1095.0,1092.0,0,12
85.000000,1095.0,1092.0,0,12
86.000000,1095.0,1092.0,0,12
87.000000,1095.0,1092.0,0,12
88.000000,1095.0,1092.0,0,12
89.000000,1095.0,1092.0,0,12
90.000000,1095.0,1092.0,0,4
91.000000,1095.0,1092.0,0,4
92.000000,1095.0,1092.0,0,4
93.000000,1095.0,1092.0,0,4
94.000000,1095.0,1092.0,0,4
95.000000,1095.0,1092.0,0,4
96.000000,1095.0,1092.0,0,4
97.000000,1095.0,1092.0,0,4
98.000000,1095.0,1092.0,0,4
99.000000,1095.0,1092.0,0,4
100.000000,1095.0,1092.0,0,16
101.000000,1095.0,1092.0,0,16
102.000000,1095.0,1092.0,0,16
103.000000,1095.0,1092.0,0,16
104.000000,1095.0,1092.0,0,16
105.000000,1095.0,1092.0,0,16
106.000000,1095.0,1092.0,0,16
107.000000,1095.0,1092.0,0,16
108.000000,1095.0,1092.0,0,16
109.000000,1095.0,1092.0,0,16
110.000000,1095.0,1092.0,0,20
111.000000,1095.0,1092.0,0,20
112.000000,1095.0,1092.0,0,20
113.000000,1095.0,1092.0,0,20
114.000000,1095.0,1092.0,0,20
115.000000,1095.0,1092.0,0,20
116.000000,1095.0,1092.0,0,20
117.000000,1095.0,1092.0,0,20
118.000000,1095.0,1092.0,0,20
119.000000,1095.0,1092.0,0,20
120.000000,1095.0,1092.0,0,16
121.000000,1095.0,1092.0,0,16
122.000000,1095.0,1092.0,0,16
123.000000,1095.0,1092.0,0,16
124.000000,1095.0,1092.0,0,16
125.000000,1095.0,1092.0,0,16
126.000000,1095.0,1092.0,0,16
127.000000,1095.0,1092.0,0,16
128.000000,1095.0,1092.0,0,16
129.000000,1095.0,1092.0,0,16
130.000000,1095.0,1092.0,0,1
131.000000,1095.0,1092.0,0,1
132.000000,1095.0,1092.0,0,1
133.000000,1095.0,1092.0,0,1
134.000000,1095.0,1092.0,0,1
135.000000,1095.0,1092.0,0,1
136.000000,1095.0,1092.0,0,1
137.000000,1095.0,1092.0,0,1
138.000000,1095.0,1092.0,0,1
139.000000,1095.0,1092.0,0,1
140.000000,1095.0,1092.0,0,0
141.000000,1095.0,1092.0,0,0
142.000000,1095.0,1092.0,0,0
143.000000,1095.0,1092.0,0,0
144.000000,1095.0,1092.0,0,0
145.000000,1095.0,1092.0,0,0
146.000000,1095.0,1092.0,0,0
147.000000,1095.0,1092.0,0,0
148.000000,1095.0,1092.0,0,0
149.000000,1095.0,1092.0,0,0
150.000000,1095.0,1092.0,1,16
