0,player1,player2,status,focus
0.000000,1100.0,1100.0,0,17
1.000000,1100.0,1100.0,0,17
2.000000,1100.0,1100.0,0,17
3.000000,1100.0,1100.0,0,17
4.000000,1100.0,1100.0,0,17
5.000000,1100.0,1100.0,0,17
6.000000,1100.0,1100.0,0,17
7.000000,1100.0,1100.0,0,17
8.000000,1100.0,1100.0,0,17
9.000000,1100.0,1100.0,0,17
10.000000,1100.0,1100.0,0,0
11.000000,1100.0,1100.0,0,0
12.000000,1100.0,1100.0,0,0
13.000000,1100.0,1100.0,0,0
14.000000,1100.0,1100.0,0,0
15.000000,1100.0,1100.0,0,0
16.000000,1100.0,1100.0,0,0
17.000000,1100.0,1100.0,0,0
18.000000,1100.0,1100.0,0,0
19.000000,1100.0,1100.0,0,0
20.000000,1100.0,1100.0,0,7
21.000000,1100.0,1100.0,0,7
22.000000,1100.0,1100.0,0,7
23.000000,1100.0,1100.0,0,7
24.000000,1100.0,1100.0,0,7
25.000000,1100.0,1100.0,0,7
26.000000,1100.0,1100.0,0,7
27.000000,1100.0,1100.0,0,7
28.000000,1100.0,1100.0,0,7
29.000000,1100.0,1100.0,0,7
30.000000,1100.0,1100.0,0,24
31.000000,1100.0,1100.0,0,24
32.000000,1100.0,1100.0,0,24
33.000000,1100.0,1100.0,0,24
34.000000,1100.0,1100.0,0,24
35.000000,1100.0,1100.0,0,24
36.000000,1100.0,1100.0,0,24
37.000000,1100.0,1100.0,0,24
38.000000,1100.0,1100.0,0,24
39.000000,1100.0,1100.0,0,24
40.000000,1100.0,1100.0,0,16
41.000000,1100.0,1100.0,0,16
42.000000,1100.0,1100.0,0,16
43.000000,1100.0,1100.0,0,16
44.000000,1100.0,1100.0,0,16
45.000000,1100.0,1100.0,0,16
46.000000,1100.0,1100.0,0,16
47.000000,1100.0,1100.0,0,16
48.000000,1100.0,1100.0,0,16
49.000000,1100.0,1100.0,0,16
50.000000,1100.0,1100.0,0,11
51.000000,1100.0,1100.0,0,11
52.000000,1100.0,1100.0,0,11
53.000000,1100.0,1100.0,0,11
54.000000,1100.0,1100.0,0,11
55.000000,1100.0,1100.0,0,11
56.000000,1100.0,1100.0,0,11
57.000000,1100.0,1100.0,0,11
58.000000,1100.0,1100.0,0,11
59.000000,1100.0,1100.0,0,11
60.000000,1100.0,1100.0,0,10
61.000000,1100.0,1100.0,0,10
62.000000,1100.0,1100.0,0,10
63.000000,1100.0,1100.0,0,10
64.000000,1100.0,1100.0,0,10
65.000000,1100.0,1100.0,0,10
66.000000,1100.0,1100.0,0,10
67.000000,1100.0,1100.0,0,10
68.000000,1100.0,1100.0,0,10
69.000000,1100.0,1100.0,0,10
70.000000,1100.0,1100.0,0,15
71.000000,1100.0,1100.0,0,15
72.000000,1100.0,1100.0,0,15
73.000000,1100.0,1100.0,0,15
74.000000,1100.0,1100.0,0,15
75.000000,1100.0,1100.0,0,15
76.000000,1100.0,1100.0,0,15
77.000000,1100.0,1100.0,0,15
78.000000,1100.0,1100.0,0,15
79.000000,1100.0,1100.0,0,15
80.000000,1100.0,1100.0,0,5
81.000000,1100.0,1100.0,0,5
82.000000,1100.0,1100.0,0,5
83.000000,1100.0,1100.0,0,5
84.000000,1100.0,1100.0,0,5
85.000000,1100.0,1100.0,0,5
86.000000,1100.0,1100.0,0,5
87.000000,1100.0,1100.0,0,5
88.000000,1100.0,1100.0,0,5
89.000000,1100.0,1100.0,0,5
90.000000,1100.0,1100.0,0,2
91.000000,1100.0,1100.0,0,2
92.000000,1100.0,1100.0,0,2
93.000000,1100.0,1100.0,0,2
94.000000,1100.0,1100.0,0,2
95.000000,1100.0,1100.0,0,2
96.000000,1100.0,1100.0,0,2
97.000000,1100.0,1100.0,0,2
98.000000,1100.0,1100.0,0,2
99.000000,1100.0,1100.0,0,2
100.000000,1100.0,1100.0,0,21
101.000000,1100.0,1100.0,0,21
102.000000,1100.0,1100.0,0,21
103.000000,1100.0,1100.0,0,21
104.000000,1100.0,1100.0,0,21
105.000000,1100.0,1100.0,0,21
106.000000,1100.0,1100.0,0,21
107.000000,1100.0,1100.0,0,21
108.000000,1100.0,1100.0,0,21
109.000000,1100.0,1100.0,0,21
110.000000,1100.0,1100.0,0,16
111.000000,1100.0,1100.0,0,16
112.000000,1100.0,1100.0,0,16
113.000000,1100.0,1100.0,0,16
114.000000,1100.0,1100.0,0,16
115.000000,1100.0,1100.0,0,16
116.000000,1100.0,1100.0,0,16
117.000000,1100.0,1100.0,0,16
118.000000,1100.0,1100.0,0,16
119.000000,1100.0,1100.0,0,16
120.000000,1100.0,1100.0,0,1
121.000000,1100.0,1100.0,0,1
122.000000,1100.0,1100.0,0,1
123.000000,1100.0,1100.0,0,1
124.000000,1100.0,1100.0,0,1
125.000000,1100.0,1100.0,0,1
126.000000,1100.0,1100.0,0,1
127.000000,1100.0,1100.0,0,1
128.000000,1100.0,1100.0,0,1
129.000000,1100.0,1100.0,0,1
130.000000,1100.0,1100.0,0,13
131.000000,1100.0,1100.0,0,13
132.000000,1100.0,1100.0,0,13
133.000000,1100.0,1100.0,0,13
134.000000,1100.0,1100.0,0,13
135.000000,1100.0,1100.0,0,13
136.000000,1100.0,1100.0,0,13
137.000000,1100.0,1100.0,0,13
138.000000,1100.0,1100.0,0,13
139.000000,1100.0,1100.0,0,13
140.000000,1100.0,1100.0,0,7
141.000000,1100.0,1100.0,0,7
142.000000,1100.0,1100.0,0,7
143.000000,1100.0,1100.0,0,7
144.000000,1100.0,1100.0,0,7
145.000000,1100.0,1100.0,0,7
146.000000,1100.0,1100.0,0,7
147.000000,1100.0,1100.0,0,7
148.000000,1100.0,1100.0,0,7
149.000000,1100.0,1100.0,0,7
150.000000,1100.0,1100.0,1,13
