0,player1,player2,status,focus
0.000000,1100.0,1100.0,0,19
1.000000,1100.0,1100.0,0,19
2.000000,1100.0,1100.0,0,19
3.000000,1100.0,1100.0,0,19
4.000000,1100.0,1108.0,0,19
5.000000,1100.0,1124.0,0,19
6.000000,1100.0,1148.0,0,19
7.000000,1100.0,1176.0,0,19
8.000000,1108.0,1204.0,0,19
9.000000,1116.0,1232.0,0,19
10.000000,1144.0,1364.0,0,13
11.000000,1172.0,1384.0,0,13
12.000000,1192.0,1404.0,0,13
13.000000,1212.0,1412.0,0,13
14.000000,1332.0,1420.0,0,13
15.000000,1332.0,1436.0,0,13
16.000000,1340.0,1452.0,0,13
17.000000,1348.0,1576.0,0,13
18.000000,1356.0,1596.0,0,13
19.000000,1364.0,1616.0,0,13
20.000000,1380.0,1636.0,0,24
21.000000,1396.0,1656.0,0,24
22.000000,1412.0,1772.0,0,24
23.000000,1428.0,1784.0,0,24
24.000000,1472.0,1796.0,0,24
25.000000,1620.0,1900.0,0,24
26.000000,1648.0,1900.0,0,24
27.000000,1676.0,1900.0,0,24
28.000000,1800.0,1900.0,0,24
29.000000,1820.0,1900.0,0,24
30.000000,1840.0,1900.0,0,3
31.000000,1860.0,1900.0,0,3
32.000000,1972.0,1900.0,0,3
33.000000,1980.0,1900.0,0,3
34.000000,1988.0,1900.0,0,3
35.000000,1996.0,1900.0,0,3
36.000000,2100.0,1900.0,0,3
37.000000,2100.0,1900.0,0,3
38.000000,2100.0,1908.0,0,3
39.000000,2100.0,1916.0,0,3
40.000000,2100.0,1924.0,0,4
41.000000,2100.0,1932.0,0,4
42.000000,2100.0,1940.0,0,4
43.000000,2100.0,1948.0,0,4
44.000000,2100.0,1956.0,0,4
45.000000,2100.0,1964.0,0,4
46.000000,2100.0,1980.0,0,4
47.000000,2112.0,1996.0,0,4
48.000000,2112.0,2100.0,0,4
49.000000,2120.0,2100.0,0,4
50.000000,2128.0,2100.0,0,9
51.000000,2148.0,2100.0,0,9
52.000000,2168.0,2100.0,0,9
53.000000,2188.0,2100.0,0,9
54.000000,2208.0,2100.0,0,9
55.000000,2228.0,2100.0,0,9
56.000000,2248.0,2112.0,0,9
57.000000,2268.0,2132.0,0,9
58.000000,2276.0,2152.0,0,9
59.000000,2284.0,2172.0,0,9
60.000000,2292.0,2192.0,0,17
61.000000,2408.0,2212.0,0,17
62.000000,2420.0,2232.0,0,17
63.000000,2432.0,2252.0,0,17
64.000000,2444.0,2364.0,0,17
65.000000,2448.0,2372.0,0,17
66.000000,2452.0,2380.0,0,17
67.000000,2456.0,2380.0,0,17
68.000000,2468.0,2380.0,0,17
69.000000,2580.0,2380.0,0,17
70.000000,2588.0,2388.0,0,12
71.000000,2596.0,2396.0,0,12
72.000000,2604.0,2404.0,0,12
73.000000,2612.0,2412.0,0,12
74.000000,2620.0,2412.0,0,12
75.000000,2620.0,2411.0,0,12
76.000000,2620.0,2419.0,0,12
77.000000,2612.0,2427.0,0,12
78.000000,2603.0,2530.0,0,12
79.000000,2595.0,2530.0,0,12
80.000000,2587.0,2530.0,0,22
81.000000,2579.0,2529.0,0,22
82.000000,2578.0,2529.0,0,22
83.000000,2578.0,2529.0,0,22
84.000000,2578.0,2528.0,0,22
85.000000,2570.0,2528.0,0,22
86.000000,2566.0,2532.0,0,22
87.000000,2574.0,2539.0,0,22
88.000000,2581.0,2539.0,0,22
89.000000,2589.0,2547.0,0,22
90.000000,2597.0,2555.0,0,2
91.000000,2605.0,2574.0,0,2
92.000000,2717.0,2590.0,0,2
93.000000,2725.0,2606.0,0,2
94.000000,2733.0,2621.0,0,2
95.000000,2741.0,2637.0,0,2
96.000000,2749.0,2665.0,0,2
97.000000,2757.0,2693.0,0,2
98.000000,2765.0,2720.0,0,2
99.000000,2773.0,2748.0,0,2
100.000000,2781.0,2776.0,0,20
101.000000,2789.0,2900.0,0,20
102.000000,2797.0,2928.0,0,20
103.000000,2813.0,2964.0,0,20
104.000000,2925.0,3092.0,0,20
105.000000,2933.0,3116.0,0,20
106.000000,2941.0,3140.0,0,20
107.000000,2949.0,3164.0,0,20
108.000000,2849.0,3288.0,0,20
109.000000,2849.0,3304.0,0,20
110.000000,2857.0,3320.0,0,8
111.000000,2877.0,3336.0,0,8
112.000000,2889.0,3352.0,0,8
113.000000,2901.0,3368.0,0,8
114.000000,2905.0,3480.0,0,8
115.000000,3005.0,3584.0,0,8
116.000000,2997.0,3584.0,0,8
117.000000,2997.0,3584.0,0,8
118.000000,2997.0,3584.0,0,8
119.000000,2997.0,3584.0,0,8
120.000000,2889.0,3584.0,0,17
121.000000,2881.0,3584.0,0,17
122.000000,2873.0,3584.0,0,17
123.000000,2865.0,3584.0,0,17
124.000000,2857.0,3572.0,0,17
125.000000,2849.0,3580.0,0,17
126.000000,2841.0,3588.0,0,17
127.000000,2833.0,3596.0,0,17
128.000000,2833.0,3604.0,0,17
129.000000,2833.0,3612.0,0,17
130.000000,2833.0,3620.0,0,2
131.000000,2832.0,3626.0,0,2
132.000000,2832.0,3633.0,0,2
133.000000,2832.0,3640.0,0,2
134.000000,2843.0,3648.0,0,2
135.000000,2855.0,3656.0,0,2
136.000000,2867.0,3656.0,0,2
137.000000,2763.0,3752.0,0,2
138.000000,2759.0,3744.0,0,2
139.000000,2855.0,3736.0,0,2
140.000000,2843.0,3724.0,0,13
141.000000,2835.0,3716.0,0,13
142.000000,2835.0,3724.0,0,13
143.000000,2835.0,3732.0,0,13
144.000000,2835.0,3740.0,0,13
145.000000,2835.0,3748.0,0,13
146.000000,2843.0,3756.0,0,13
147.000000,2851.0,3762.0,0,13
148.000000,2858.0,3662.0,0,13
149.000000,2866.0,3548.0,0,13
150.000000,2874.0,3536.0,1,4
