0,player,node,groups,units,health
119.000000,1,19,[15],[118],[0.2]
119.000000,0,19,[8],[62],[2.2]
120.000000,1,19,[15],[118],[0.0]
120.000000,0,19,[8;8],[62;64],[1.5;2.8]
121.000000,1,24,[15],[119],[0.1]
121.000000,0,24,[5],[36],[2.0]
130.000000,1,26,[15;15],[119;123],[0.0;2.6]
130.000000,0,26,[8;8],[62;64],[0.8;2.5]
131.000000,1,26,[15],[123],[1.8]
131.000000,0,26,[8;8],[62;64],[0.3;2.2]
132.000000,1,26,[15],[123],[1.0]
132.000000,0,26,[8;8],[62;64],[0.0;1.8]
133.000000,1,26,[15],[123],[0.3]
133.000000,0,26,[8],[64],[1.0]
