0,player1,player2,status,focus
0.000000,1100.0,1100.0,0,23
1.000000,1100.0,1100.0,0,23
2.000000,1100.0,1100.0,0,23
3.000000,1100.0,1100.0,0,23
4.000000,1100.0,1100.0,0,23
5.000000,1099.0,1099.0,0,23
6.000000,1099.0,1098.0,0,23
7.000000,1096.0,1096.0,0,23
8.000000,1095.0,1095.0,0,23
9.000000,1095.0,1095.0,0,23
10.000000,1094.0,1094.0,0,8
11.000000,1093.0,1093.0,0,8
12.000000,1092.0,1092.0,0,8
13.000000,1092.0,1092.0,0,8
14.000000,1092.0,1092.0,0,8
15.000000,1092.0,1092.0,0,8
16.000000,1092.0,1092.0,0,8
17.000000,1092.0,1092.0,0,8
18.000000,1092.0,1092.0,0,8
19.000000,1092.0,1092.0,0,8
20.000000,1092.0,1092.0,0,14
21.000000,1092.0,1092.0,0,14
22.000000,1092.0,1092.0,0,14
23.000000,1092.0,1092.0,0,14
24.000000,1092.0,1092.0,0,14
25.000000,1092.0,1092.0,0,14
26.000000,1092.0,1092.0,0,14
27.000000,1092.0,1092.0,0,14
28.000000,1092.0,1092.0,0,14
29.000000,1092.0,1092.0,0,14
30.000000,1092.0,1092.0,0,6
31.000000,1092.0,1092.0,0,6
32.000000,1092.0,1092.0,0,6
33.000000,1092.0,1092.0,0,6
34.000000,1092.0,1092.0,0,6
35.000000,1092.0,1092.0,0,6
36.000000,1092.0,1092.0,0,6
37.000000,1092.0,1092.0,0,6
38.000000,1092.0,1092.0,0,6
39.000000,1092.0,1092.0,0,6
40.000000,1092.0,1092.0,0,16
41.000000,1092.0,1092.0,0,16
42.000000,1092.0,1092.0,0,16
43.000000,1092.0,1092.0,0,16
44.000000,1092.0,1092.0,0,16
45.000000,1092.0,1092.0,0,16
46.000000,1092.0,1092.0,0,16
47.000000,1092.0,1092.0,0,16
48.000000,1092.0,1092.0,0,16
49.000000,1092.0,1092.0,0,16
50.000000,1092.0,1092.0,0,8
51.000000,1092.0,1092.0,0,8
52.000000,1092.0,1092.0,0,8
53.000000,1092.0,1092.0,0,8
54.000000,1092.0,1092.0,0,8
55.000000,1092.0,1092.0,0,8
56.000000,1092.0,1092.0,0,8
57.000000,1092.0,1092.0,0,8
58.000000,1092.0,1092.0,0,8
59.000000,1092.0,1092.0,0,8
60.000000,1092.0,1092.0,0,7
61.000000,1092.0,1092.0,0,7
62.000000,1092.0,1092.0,0,7
63.000000,1092.0,1092.0,0,7
64.000000,1092.0,1092.0,0,7
65.000000,1092.0,1092.0,0,7
66.000000,1092.0,1092.0,0,7
67.000000,1092.0,1092.0,0,7
68.000000,1092.0,1092.0,0,7
69.000000,1092.0,1092.0,0,7
70.000000,1092.0,1092.0,0,16
71.000000,1092.0,1092.0,0,16
72.000000,1092.0,1092.0,0,16
73.000000,1092.0,1092.0,0,16
74.000000,1092.0,1092.0,0,16
75.000000,1092.0,1092.0,0,16
76.000000,1092.0,1092.0,0,16
77.000000,1092.0,1092.0,0,16
78.000000,1092.0,1092.0,0,16
79.000000,1092.0,1092.0,0,16
80.000000,1092.0,1092.0,0,12
81.000000,1092.0,1092.0,0,12
82.000000,1092.0,1092.0,0,12
83.000000,1092.0,1092.0,0,12
84.000000,1092.0,1092.0,0,12
85.000000,1092.0,1092.0,0,12
86.000000,1092.0,1092.0,0,12
87.000000,1092.0,1092.0,0,12
88.000000,1092.0,1092.0,0,12
89.000000,1092.0,1092.0,0,12
90.000000,1092.0,1092.0,0,17
91.000000,1092.0,1092.0,0,17
92.000000,1092.0,1092.0,0,17
93.000000,1092.0,1092.0,0,17
94.000000,1092.0,1092.0,0,17
95.000000,1092.0,1092.0,0,17
96.000000,1092.0,1092.0,0,17
97.000000,1092.0,1092.0,0,17
98.000000,1092.0,1092.0,0,17
99.000000,1092.0,1092.0,0,17
100.000000,1092.0,1092.0,0,7
101.000000,1092.0,1092.0,0,7
102.000000,1092.0,1092.0,0,7
103.000000,1092.0,1092.0,0,7
104.000000,1092.0,1092.0,0,7
105.000000,1092.0,1092.0,0,7
106.000000,1092.0,1092.0,0,7
107.000000,1092.0,1092.0,0,7
108.000000,1092.0,1092.0,0,7
109.000000,1092.0,1092.0,0,7
110.000000,1092.0,1092.0,0,12
111.000000,1092.0,1092.0,0,12
112.000000,1092.0,1092.0,0,12
113.000000,1092.0,1092.0,0,12
114.000000,1092.0,1092.0,0,12
115.000000,1092.0,1092.0,0,12
116.000000,1092.0,1092.0,0,12
117.000000,1092.0,1092.0,0,12
118.000000,1092.0,1092.0,0,12
119.000000,1092.0,1092.0,0,12
120.000000,1092.0,1092.0,0,11
121.000000,1092.0,1092.0,0,11
122.000000,1092.0,1092.0,0,11
123.000000,1092.0,1092.0,0,11
124.000000,1092.0,1092.0,0,11
125.000000,1092.0,1092.0,0,11
126.000000,1092.0,1092.0,0,11
127.000000,1092.0,1092.0,0,11
128.000000,1092.0,1092.0,0,11
129.000000,1092.0,1092.0,0,11
130.000000,1092.0,1092.0,0,15
131.000000,1092.0,1092.0,0,15
132.000000,1092.0,1092.0,0,15
133.000000,1092.0,1092.0,0,15
134.000000,1092.0,1092.0,0,15
135.000000,1092.0,1092.0,0,15
136.000000,1092.0,1092.0,0,15
137.000000,1092.0,1092.0,0,15
138.000000,1092.0,1092.0,0,15
139.000000,1092.0,1092.0,0,15
140.000000,1092.0,1092.0,0,22
141.000000,1092.0,1092.0,0,22
142.000000,1092.0,1092.0,0,22
143.000000,1092.0,1092.0,0,22
144.000000,1092.0,1092.0,0,22
145.000000,1092.0,1092.0,0,22
146.000000,1092.0,1092.0,0,22
147.000000,1092.0,1092.0,0,22
148.000000,1092.0,1092.0,0,22
149.000000,1092.0,1092.0,0,22
150.000000,1092.0,1092.0,1,9
