0,player,node,groups,units,health
4.000000,1,5,[13;13;13;13],[108;107;102;105],[0.8;0.6;0.6;0.4]
4.000000,0,5,[1;1;1;1;1],[8;6;4;7;1],[0.8;0.6;0.6;0.8;0.6]
5.000000,1,5,[13;13;13;13;13;13],[104;101;106;105;107;102],[0.8;0.8;0.8;0.0;0.2;0.4]
5.000000,0,5,[1;1;1;1;1;1],[4;5;8;6;3;1],[0.2;0.8;0.6;0.2;0.8;0.4]
6.000000,1,5,[13;13;13;13;13;13],[102;107;106;103;104;108],[0.2;0.0;0.4;0.8;0.6;0.4]
6.000000,0,5,[1;1;1;1],[3;5;7;6],[0.4;0.4;0.4;0.0]
7.000000,1,5,[13;13;13;13;13],[101;104;103;106;102],[0.6;0.2;0.4;0.2;0.0]
7.000000,0,5,[1;1;1],[1;3;2],[0.0;0.0;0.8]
8.000000,1,5,[13;13;13],[101;108;106],[0.4;0.0;0.0]
8.000000,0,5,[1;1],[4;5],[0.0;0.0]
9.000000,1,5,[13;13],[103;101],[0.2;0.0]
9.000000,0,5,[1;1],[2;7],[0.4;0.2]
10.000000,1,5,[13;13],[103;104],[0.0;0.0]
10.000000,0,5,[1;1],[8;2],[0.4;0.2]
