0,player1,player2,status,focus
0.000000,1100.0,1100.0,0,22
1.000000,1100.0,1100.0,0,22
2.000000,1100.0,1100.0,0,22
3.000000,1100.0,1100.0,0,22
4.000000,1108.0,1100.0,0,22
5.000000,1116.0,1100.0,0,22
6.000000,1124.0,1100.0,0,22
7.000000,1132.0,1100.0,0,22
8.000000,1140.0,1108.0,0,22
9.000000,1148.0,1108.0,0,22
10.000000,1164.0,1108.0,0,16
11.000000,1180.0,1128.0,0,16
12.000000,1196.0,1148.0,0,16
13.000000,1300.0,1168.0,0,16
14.000000,1300.0,1188.0,0,16
15.000000,1300.0,1300.0,0,16
16.000000,1300.0,1300.0,0,16
17.000000,1300.0,1300.0,0,16
18.000000,1300.0,1300.0,0,16
19.000000,1300.0,1300.0,0,16
20.000000,1300.0,1300.0,0,8
21.000000,1300.0,1300.0,0,8
22.000000,1300.0,1300.0,0,8
23.000000,1300.0,1300.0,0,8
24.000000,1300.0,1300.0,0,8
25.000000,1300.0,1300.0,0,8
26.000000,1308.0,1300.0,0,8
27.000000,1316.0,1300.0,0,8
28.000000,1324.0,1300.0,0,8
29.000000,1332.0,1300.0,0,8
30.000000,1340.0,1300.0,0,9
31.000000,1348.0,1300.0,0,9
32.000000,1364.0,1300.0,0,9
33.000000,1380.0,1300.0,0,9
34.000000,1396.0,1300.0,0,9
35.000000,1396.0,1308.0,0,9
36.000000,1396.0,1316.0,0,9
37.000000,1396.0,1324.0,0,9
38.000000,1404.0,1332.0,0,9
39.000000,1412.0,1340.0,0,9
40.000000,1420.0,1348.0,0,23
41.000000,1428.0,1364.0,0,23
42.000000,1436.0,1380.0,0,23
43.000000,1444.0,1396.0,0,23
44.000000,1452.0,1404.0,0,23
45.000000,1476.0,1412.0,0,23
46.000000,1508.0,1428.0,0,23
47.000000,1540.0,1540.0,0,23
48.000000,1668.0,1548.0,0,23
49.000000,1692.0,1556.0,0,23
50.000000,1900.0,1556.0,0,10
51.000000,1900.0,1556.0,0,10
52.000000,1900.0,1564.0,0,10
53.000000,1900.0,1564.0,0,10
54.000000,1900.0,1564.0,0,10
55.000000,1900.0,1572.0,0,10
56.000000,1900.0,1580.0,0,10
57.000000,1900.0,1588.0,0,10
58.000000,1900.0,1596.0,0,10
59.000000,1908.0,1604.0,0,10
60.000000,1916.0,1612.0,0,19
61.000000,1924.0,1620.0,0,19
62.000000,1932.0,1620.0,0,19
63.000000,1940.0,1620.0,0,19
64.000000,1956.0,1636.0,0,19
65.000000,1972.0,1652.0,0,19
66.000000,1988.0,1668.0,0,19
67.000000,2012.0,1684.0,0,19
68.000000,2036.0,1700.0,0,19
69.000000,2052.0,1716.0,0,19
70.000000,2068.0,1732.0,0,13
71.000000,2180.0,1748.0,0,13
72.000000,2180.0,1956.0,0,13
73.000000,2180.0,1956.0,0,13
74.000000,2188.0,1956.0,0,13
75.000000,2188.0,1964.0,0,13
76.000000,2196.0,1972.0,0,13
77.000000,2212.0,1980.0,0,13
78.000000,2228.0,1988.0,0,13
79.000000,2244.0,1996.0,0,13
80.000000,2252.0,2004.0,0,19
81.000000,2260.0,2012.0,0,19
82.000000,2284.0,2020.0,0,19
83.000000,2300.0,2028.0,0,19
84.000000,2316.0,2028.0,0,19
85.000000,2332.0,2028.0,0,19
86.000000,2356.0,2036.0,0,19
87.000000,2380.0,2044.0,0,19
88.000000,2596.0,2052.0,0,19
89.000000,2596.0,2060.0,0,19
90.000000,2596.0,2068.0,0,14
91.000000,2596.0,2076.0,0,14
92.000000,2596.0,2084.0,0,14
93.000000,2604.0,2092.0,0,14
94.000000,2612.0,2100.0,0,14
95.000000,2620.0,2108.0,0,14
96.000000,2628.0,2108.0,0,14
97.000000,2636.0,2108.0,0,14
98.000000,2644.0,2116.0,0,14
99.000000,2652.0,2124.0,0,14
100.000000,2660.0,2132.0,0,14
101.000000,2668.0,2140.0,0,14
102.000000,2676.0,2148.0,0,14
103.000000,2684.0,2156.0,0,14
104.000000,2692.0,2164.0,0,14
105.000000,2796.0,2172.0,0,14
106.000000,2796.0,2180.0,0,14
107.000000,2796.0,2180.0,0,14
108.000000,2796.0,2180.0,0,14
109.000000,2796.0,2172.0,0,14
110.000000,2796.0,2164.0,0,3
111.000000,2796.0,2164.0,0,3
112.000000,2796.0,2164.0,0,3
113.000000,2796.0,2172.0,0,3
114.000000,2796.0,2180.0,0,3
115.000000,2796.0,2188.0,0,3
116.000000,2796.0,2188.0,0,3
117.000000,2796.0,2188.0,0,3
118.000000,2804.0,2188.0,0,3
119.000000,2812.0,2188.0,0,3
120.000000,2820.0,2188.0,0,10
121.000000,2924.0,2188.0,0,10
122.000000,2816.0,2196.0,0,10
123.000000,2808.0,2300.0,0,10
124.000000,2800.0,2300.0,0,10
125.000000,2808.0,2404.0,0,10
126.000000,2816.0,2404.0,0,10
127.000000,2824.0,2404.0,0,10
128.000000,2832.0,2404.0,0,10
129.000000,2840.0,2411.0,0,10
130.000000,2848.0,2419.0,0,4
131.000000,2855.0,2426.0,0,4
132.000000,2862.0,2433.0,0,4
133.000000,2870.0,2441.0,0,4
134.000000,2878.0,2448.0,0,4
135.000000,2885.0,2456.0,0,4
136.000000,2893.0,2463.0,0,4
137.000000,2893.0,2567.0,0,4
138.000000,2893.0,2566.0,0,4
139.000000,2892.0,2566.0,0,4
140.000000,2892.0,2458.0,0,9
141.000000,2892.0,2448.0,0,9
142.000000,2892.0,2440.0,0,9
143.000000,2892.0,2432.0,0,9
144.000000,2892.0,2424.0,0,9
145.000000,2900.0,2424.0,0,9
146.000000,2908.0,2424.0,0,9
147.000000,2916.0,2432.0,0,9
148.000000,2924.0,2544.0,0,9
149.000000,2932.0,2552.0,0,9
150.000000,2940.0,2568.0,1,22
