0,player,node,groups,units,health
4.000000,1,5,[13;13],[107;101],[0.0;0.6]
4.000000,0,5,[1;1],[6;1],[0.0;0.6]
5.000000,1,5,[13;13],[101;106],[0.0;0.4]
5.000000,0,5,[1;1],[1;5],[0.0;0.4]
6.000000,1,5,[13;13],[106;104],[0.0;0.4]
6.000000,0,5,[1;1],[5;8],[0.0;0.4]
7.000000,1,5,[13;13],[104;103],[0.0;0.6]
7.000000,0,5,[1;1],[8;2],[0.0;0.6]
8.000000,1,5,[13],[103],[0.0]
8.000000,0,5,[1],[2],[0.0]
9.000000,1,5,[13],[105],[0.4]
9.000000,0,5,[1],[3],[0.4]
10.000000,1,5,[13],[105],[0.0]
10.000000,0,5,[1],[3],[0.0]
11.000000,1,5,[13],[108],[0.6]
11.000000,0,5,[1],[4],[0.6]
12.000000,1,5,[13],[108],[0.2]
12.000000,0,5,[1],[4],[0.2]
13.000000,1,5,[13],[108],[0.0]
13.000000,0,5,[1],[4],[0.0]
14.000000,1,5,[13],[102],[0.8]
14.000000,0,5,[1],[7],[0.8]
15.000000,1,5,[13],[102],[0.6]
15.000000,0,5,[1],[7],[0.6]
16.000000,1,5,[13],[102],[0.4]
16.000000,0,5,[1],[7],[0.4]
17.000000,1,5,[13],[102],[0.2]
17.000000,0,5,[1],[7],[0.2]
18.000000,1,5,[13],[102],[0.0]
18.000000,0,5,[1],[7],[0.0]
