0,player,node,groups,units,health
4.000000,1,5,13,[101;102;104;106;107;108],[0.8;0.8;0.8;0.8;0.4;0.8]
4.000000,0,5,1,[1;4;5;7;8],[0.4;0.8;0.8;0.6;0.8]
5.000000,1,5,13,[101;102;104;106;107;108],[0.6;0.6;0.6;0.6;0.0;0.6]
5.000000,0,5,1,[1;4;5;7;8],[0.0;0.6;0.6;0.2;0.6]
6.000000,1,5,13,[101;102;104;106;108],[0.4;0.4;0.4;0.4;0.0]
6.000000,0,5,1,[2;5;6;8],[0.4;0.4;0.8;0.2]
7.000000,1,5,13,[101;102;104;105;106],[0.0;0.2;0.0;0.8;0.2]
7.000000,0,5,1,[2;3;6;7;8],[0.0;0.8;0.6;0.0;0.0]
8.000000,1,5,13,[103;105;106],[0.8;0.6;0.0]
8.000000,0,5,1,[3;4;5],[0.6;0.4;0.0]
9.000000,1,5,13,[103;105],[0.6;0.2]
9.000000,0,5,1,[3;4;6],[0.4;0.2;0.4]
10.000000,1,5,13,[103;105],[0.4;0.0]
10.000000,0,5,1,[3;4;6],[0.2;0.0;0.2]
11.000000,1,5,13,[102;103],[0.0;0.2]
11.000000,0,5,1,[6],[0.0]
12.000000,1,5,13,[103],[0.0]
12.000000,0,5,1,[3],[0.0]
