0,player1,player2,status,focus
0.000000,1100.0,1100.0,0,3
1.000000,1100.0,1100.0,0,3
2.000000,1100.0,1100.0,0,3
3.000000,1100.0,1108.0,0,3
4.000000,1100.0,1124.0,0,3
5.000000,1100.0,1132.0,0,3
6.000000,1116.0,1140.0,0,3
7.000000,1144.0,1164.0,0,3
8.000000,1172.0,1188.0,0,3
9.000000,1200.0,1224.0,0,3
10.000000,1216.0,1260.0,0,16
11.000000,1240.0,1388.0,0,16
12.000000,1272.0,1396.0,0,16
13.000000,1392.0,1412.0,0,16
14.000000,1408.0,1428.0,0,16
15.000000,1424.0,1444.0,0,16
16.000000,1548.0,1460.0,0,16
17.000000,1556.0,1572.0,0,16
18.000000,1564.0,1580.0,0,16
19.000000,1572.0,1588.0,0,16
20.000000,1588.0,1596.0,0,20
21.000000,1612.0,1604.0,0,20
22.000000,1724.0,1620.0,0,20
23.000000,1732.0,1636.0,0,20
24.000000,1740.0,1652.0,0,20
25.000000,1748.0,1764.0,0,20
26.000000,1764.0,1772.0,0,20
27.000000,1780.0,1780.0,0,20
28.000000,1796.0,1788.0,0,20
29.000000,1812.0,1796.0,0,20
30.000000,1828.0,1900.0,0,4
31.000000,1844.0,1900.0,0,4
32.000000,1956.0,1900.0,0,4
33.000000,1964.0,1900.0,0,4
34.000000,1972.0,1900.0,0,4
35.000000,1972.0,1900.0,0,4
36.000000,1972.0,1900.0,0,4
37.000000,1972.0,1900.0,0,4
38.000000,1972.0,1900.0,0,4
39.000000,1972.0,1900.0,0,4
40.000000,1972.0,1900.0,0,8
41.000000,1980.0,1900.0,0,8
42.000000,1988.0,1900.0,0,8
43.000000,2004.0,1900.0,0,8
44.000000,2020.0,1908.0,0,8
45.000000,2044.0,1916.0,0,8
46.000000,2068.0,1932.0,0,8
47.000000,2092.0,1948.0,0,8
48.000000,2116.0,1964.0,0,8
49.000000,2228.0,1980.0,0,8
50.000000,2228.0,1996.0,0,8
51.000000,2228.0,2012.0,0,8
52.000000,2228.0,2028.0,0,8
53.000000,2236.0,2044.0,0,8
54.000000,2244.0,2060.0,0,8
55.000000,2260.0,2076.0,0,8
56.000000,2284.0,2180.0,0,8
57.000000,2316.0,2180.0,0,8
58.000000,2340.0,2180.0,0,8
59.000000,2364.0,2180.0,0,8
60.000000,2388.0,2180.0,0,21
61.000000,2412.0,2180.0,0,21
62.000000,2436.0,2180.0,0,21
63.000000,2468.0,2180.0,0,21
64.000000,2588.0,2180.0,0,21
65.000000,2596.0,2180.0,0,21
66.000000,2604.0,2180.0,0,21
67.000000,2612.0,2180.0,0,21
68.000000,2620.0,2180.0,0,21
69.000000,2636.0,2180.0,0,21
70.000000,2748.0,2180.0,0,14
71.000000,2748.0,2180.0,0,14
72.000000,2756.0,2180.0,0,14
73.000000,2772.0,2180.0,0,14
74.000000,2788.0,2180.0,0,14
75.000000,2804.0,2188.0,0,14
76.000000,2820.0,2196.0,0,14
77.000000,2836.0,2204.0,0,14
78.000000,2948.0,2212.0,0,14
79.000000,3076.0,2220.0,0,14
80.000000,3188.0,2228.0,0,2
81.000000,3196.0,2236.0,0,2
82.000000,3300.0,2244.0,0,2
83.000000,3300.0,2252.0,0,2
84.000000,3300.0,2260.0,0,2
85.000000,3300.0,2268.0,0,2
86.000000,3300.0,2276.0,0,2
87.000000,3300.0,2276.0,0,2
88.000000,3300.0,2276.0,0,2
89.000000,3300.0,2288.0,0,2
90.000000,3300.0,2300.0,0,0
91.000000,3300.0,2312.0,0,0
92.000000,3300.0,2324.0,0,0
93.000000,3300.0,2336.0,0,0
94.000000,3320.0,2348.0,0,0
95.000000,3340.0,2360.0,0,0
96.000000,3360.0,2372.0,0,0
97.000000,3380.0,2476.0,0,0
98.000000,3408.0,2476.0,0,0
99.000000,3428.0,2476.0,0,0
100.000000,3436.0,2476.0,0,17
101.000000,3444.0,2476.0,0,17
102.000000,3452.0,2476.0,0,17
103.000000,3460.0,2476.0,0,17
104.000000,3468.0,2476.0,0,17
105.000000,3476.0,2476.0,0,17
106.000000,3580.0,2476.0,0,17
107.000000,3588.0,2476.0,0,17
108.000000,3588.0,2476.0,0,17
109.000000,3588.0,2476.0,0,17
110.000000,3588.0,2476.0,0,3
111.000000,3588.0,2468.0,0,3
112.000000,3588.0,2460.0,0,3
113.000000,3588.0,2564.0,0,3
114.000000,3588.0,2564.0,0,3
115.000000,3588.0,2564.0,0,3
116.000000,3588.0,2564.0,0,3
117.000000,3587.0,2563.0,0,3
118.000000,3587.0,2563.0,0,3
119.000000,3587.0,2563.0,0,3
120.000000,3587.0,2563.0,0,17
121.000000,3587.0,2563.0,0,17
122.000000,3586.0,2554.0,0,17
123.000000,3586.0,2546.0,0,17
124.000000,3586.0,2546.0,0,17
125.000000,3578.0,2546.0,0,17
126.000000,3578.0,2554.0,0,17
127.000000,3578.0,2570.0,0,17
128.000000,3578.0,2586.0,0,17
129.000000,3578.0,2602.0,0,17
130.000000,3586.0,2610.0,0,11
131.000000,3594.0,2618.0,0,11
132.000000,3698.0,2626.0,0,11
133.000000,3698.0,2634.0,0,11
134.000000,3698.0,2642.0,0,11
135.000000,3697.0,2649.0,0,11
136.000000,3697.0,2657.0,0,11
137.000000,3697.0,2657.0,0,11
138.000000,3697.0,2665.0,0,11
139.000000,3697.0,2673.0,0,11
140.000000,3697.0,2689.0,0,4
141.000000,3697.0,2705.0,0,4
142.000000,3705.0,2713.0,0,4
143.000000,3713.0,2721.0,0,4
144.000000,3721.0,2721.0,0,4
145.000000,3729.0,2720.0,0,4
146.000000,3737.0,2728.0,0,4
147.000000,3745.0,2735.0,0,4
148.000000,3753.0,2743.0,0,4
149.000000,3761.0,2751.0,0,4
150.000000,3768.0,2758.0,1,23
