0,player,group,start,destination,status
5.000000,1,17,51,47,RDY_TO_MOVE
6.000000,0,5,1,6,IN_TRANSIT
6.000000,1,17,51,47,IN_TRANSIT
7.000000,1,15,51,48,RDY_TO_MOVE
7.000000,0,5,1,6,IN_TRANSIT
7.000000,1,17,51,47,IN_TRANSIT
8.000000,1,20,51,47,RDY_TO_MOVE
8.000000,0,5,1,6,ARRIVED
8.000000,1,15,51,48,IN_TRANSIT
8.000000,1,17,51,47,ARRIVED
9.000000,1,15,51,48,IN_TRANSIT
9.000000,1,20,51,47,IN_TRANSIT
10.000000,1,15,51,48,ARRIVED
10.000000,1,20,51,47,IN_TRANSIT
11.000000,1,15,48,49,RDY_TO_MOVE
11.000000,1,21,51,48,RDY_TO_MOVE
11.000000,0,12,1,6,IN_TRANSIT
11.000000,1,20,51,47,ARRIVED
12.000000,1,18,51,48,RDY_TO_MOVE
12.000000,0,12,1,6,IN_TRANSIT
12.000000,1,15,48,49,IN_TRANSIT
12.000000,1,21,51,48,IN_TRANSIT
13.000000,0,12,1,6,ARRIVED
13.000000,1,15,48,49,IN_TRANSIT
13.000000,1,18,51,48,IN_TRANSIT
13.000000,1,21,51,48,IN_TRANSIT
14.000000,1,19,51,47,RDY_TO_MOVE
14.000000,0,4,1,6,IN_TRANSIT
14.000000,1,15,48,49,IN_TRANSIT
14.000000,1,18,51,48,IN_TRANSIT
14.000000,1,21,51,48,ARRIVED
15.000000,1,21,48,51,RDY_TO_MOVE
15.000000,0,4,1,6,IN_TRANSIT
15.000000,1,15,48,49,ARRIVED
15.000000,1,18,51,48,ARRIVED
15.000000,1,19,51,47,IN_TRANSIT
16.000000,1,18,48,42,RDY_TO_MOVE
16.000000,0,4,1,6,ARRIVED
16.000000,0,10,1,6,IN_TRANSIT
16.000000,1,19,51,47,IN_TRANSIT
16.000000,1,21,48,51,IN_TRANSIT
17.000000,0,5,6,1,IN_TRANSIT
17.000000,0,10,1,6,IN_TRANSIT
17.000000,1,18,48,42,IN_TRANSIT
17.000000,1,19,51,47,ARRIVED
17.000000,1,21,48,51,IN_TRANSIT
18.000000,0,5,6,1,IN_TRANSIT
18.000000,0,10,1,6,ARRIVED
18.000000,0,12,6,5,IN_TRANSIT
18.000000,1,18,48,42,IN_TRANSIT
18.000000,1,21,48,51,IN_TRANSIT
19.000000,0,5,6,1,IN_TRANSIT
19.000000,0,12,6,5,IN_TRANSIT
19.000000,1,18,48,42,ARRIVED
19.000000,1,21,48,51,ARRIVED
20.000000,1,23,51,47,RDY_TO_MOVE
20.000000,0,5,6,1,ARRIVED
20.000000,0,7,1,5,IN_TRANSIT
20.000000,0,12,6,5,ARRIVED
21.000000,1,20,47,39,RDY_TO_MOVE
21.000000,1,15,49,48,RDY_TO_MOVE
21.000000,1,14,51,47,RDY_TO_MOVE
21.000000,0,7,1,5,IN_TRANSIT
21.000000,1,23,51,47,IN_TRANSIT
22.000000,0,7,1,5,ARRIVED
22.000000,1,14,51,47,IN_TRANSIT
22.000000,1,15,49,48,IN_TRANSIT
22.000000,1,20,47,39,IN_TRANSIT
22.000000,1,23,51,47,IN_TRANSIT
23.000000,0,5,1,5,IN_TRANSIT
23.000000,1,14,51,47,ARRIVED
23.000000,1,15,49,48,IN_TRANSIT
23.000000,1,20,47,39,IN_TRANSIT
23.000000,1,23,51,47,ARRIVED
24.000000,0,2,1,5,IN_TRANSIT
24.000000,0,5,1,5,IN_TRANSIT
24.000000,1,15,49,48,ARRIVED
24.000000,1,20,47,39,ARRIVED
25.000000,0,1,1,6,IN_TRANSIT
25.000000,0,2,1,5,ARRIVED
25.000000,0,5,1,5,ARRIVED
26.000000,1,14,47,51,RDY_TO_MOVE
26.000000,1,18,42,48,RDY_TO_MOVE
26.000000,0,1,1,6,ARRIVED
27.000000,1,14,47,51,IN_TRANSIT
27.000000,1,18,42,48,IN_TRANSIT
28.000000,0,2,5,1,IN_TRANSIT
28.000000,1,14,47,51,ARRIVED
28.000000,1,18,42,48,IN_TRANSIT
29.000000,0,2,5,1,ARRIVED
29.000000,0,10,6,14,IN_TRANSIT
29.000000,1,18,42,48,IN_TRANSIT
30.000000,0,10,6,14,IN_TRANSIT
30.000000,1,18,42,48,ARRIVED
31.000000,0,10,6,14,ARRIVED
32.000000,1,19,47,51,RDY_TO_MOVE
32.000000,0,4,6,1,IN_TRANSIT
33.000000,1,20,39,32,RDY_TO_MOVE
33.000000,0,1,6,1,IN_TRANSIT
33.000000,0,4,6,1,IN_TRANSIT
33.000000,1,19,47,51,IN_TRANSIT
34.000000,0,1,6,1,ARRIVED
34.000000,0,4,6,1,IN_TRANSIT
34.000000,1,19,47,51,IN_TRANSIT
34.000000,1,20,39,32,IN_TRANSIT
35.000000,1,18,48,49,RDY_TO_MOVE
35.000000,0,4,6,1,ARRIVED
35.000000,1,19,47,51,IN_TRANSIT
35.000000,1,20,39,32,IN_TRANSIT
36.000000,0,3,1,6,IN_TRANSIT
36.000000,1,18,48,49,IN_TRANSIT
36.000000,1,19,47,51,ARRIVED
36.000000,1,20,39,32,ARRIVED
37.000000,1,17,47,51,RDY_TO_MOVE
37.000000,0,3,1,6,IN_TRANSIT
37.000000,1,18,48,49,IN_TRANSIT
38.000000,1,14,51,48,RDY_TO_MOVE
38.000000,0,1,1,6,IN_TRANSIT
38.000000,0,3,1,6,ARRIVED
38.000000,0,12,5,1,IN_TRANSIT
38.000000,1,17,47,51,IN_TRANSIT
38.000000,1,18,48,49,IN_TRANSIT
39.000000,1,13,51,47,RDY_TO_MOVE
39.000000,0,1,1,6,ARRIVED
39.000000,0,5,5,6,IN_TRANSIT
39.000000,0,12,5,1,IN_TRANSIT
39.000000,1,14,51,48,IN_TRANSIT
39.000000,1,17,47,51,IN_TRANSIT
39.000000,1,18,48,49,ARRIVED
40.000000,0,5,5,6,IN_TRANSIT
40.000000,0,8,1,6,IN_TRANSIT
40.000000,0,12,5,1,IN_TRANSIT
40.000000,1,13,51,47,IN_TRANSIT
40.000000,1,14,51,48,ARRIVED
40.000000,1,17,47,51,IN_TRANSIT
41.000000,0,5,5,6,IN_TRANSIT
41.000000,0,8,1,6,IN_TRANSIT
41.000000,0,12,5,1,ARRIVED
41.000000,1,13,51,47,ARRIVED
41.000000,1,17,47,51,ARRIVED
42.000000,0,5,5,6,ARRIVED
42.000000,0,7,5,6,IN_TRANSIT
42.000000,0,8,1,6,ARRIVED
43.000000,1,21,51,48,RDY_TO_MOVE
43.000000,0,7,5,6,IN_TRANSIT
44.000000,0,7,5,6,IN_TRANSIT
44.000000,1,21,51,48,IN_TRANSIT
45.000000,1,16,51,47,RDY_TO_MOVE
45.000000,0,2,1,6,IN_TRANSIT
45.000000,0,7,5,6,ARRIVED
45.000000,1,21,51,48,IN_TRANSIT
46.000000,0,2,1,6,ARRIVED
46.000000,1,16,51,47,IN_TRANSIT
46.000000,1,21,51,48,ARRIVED
47.000000,1,14,48,42,RDY_TO_MOVE
47.000000,1,16,51,47,IN_TRANSIT
48.000000,1,15,48,42,RDY_TO_MOVE
48.000000,0,1,6,14,IN_TRANSIT
48.000000,0,8,6,1,IN_TRANSIT
48.000000,1,14,48,42,IN_TRANSIT
48.000000,1,16,51,47,ARRIVED
49.000000,0,1,6,14,ARRIVED
49.000000,0,7,6,14,IN_TRANSIT
49.000000,0,8,6,1,IN_TRANSIT
49.000000,1,14,48,42,ARRIVED
49.000000,1,15,48,42,IN_TRANSIT
50.000000,1,19,51,47,RDY_TO_MOVE
50.000000,1,16,47,48,RDY_TO_MOVE
50.000000,1,18,49,43,RDY_TO_MOVE
50.000000,0,7,6,14,IN_TRANSIT
50.000000,0,8,6,1,IN_TRANSIT
50.000000,1,15,48,42,IN_TRANSIT
51.000000,1,14,42,36,RDY_TO_MOVE
51.000000,0,7,6,14,ARRIVED
51.000000,0,8,6,1,ARRIVED
51.000000,1,15,48,42,ARRIVED
51.000000,1,16,47,48,IN_TRANSIT
51.000000,1,18,49,43,IN_TRANSIT
51.000000,1,19,51,47,IN_TRANSIT
52.000000,1,22,51,48,RDY_TO_MOVE
52.000000,0,11,1,5,IN_TRANSIT
52.000000,1,14,42,36,IN_TRANSIT
52.000000,1,16,47,48,IN_TRANSIT
52.000000,1,18,49,43,IN_TRANSIT
52.000000,1,19,51,47,IN_TRANSIT
53.000000,1,21,48,51,RDY_TO_MOVE
53.000000,0,10,14,21,IN_TRANSIT
53.000000,0,11,1,5,IN_TRANSIT
53.000000,1,14,42,36,ARRIVED
53.000000,1,16,47,48,IN_TRANSIT
53.000000,1,18,49,43,IN_TRANSIT
53.000000,1,19,51,47,ARRIVED
53.000000,1,22,51,48,IN_TRANSIT
54.000000,1,15,42,48,RDY_TO_MOVE
54.000000,0,10,14,21,IN_TRANSIT
54.000000,0,11,1,5,ARRIVED
54.000000,1,16,47,48,ARRIVED
54.000000,1,18,49,43,ARRIVED
54.000000,1,21,48,51,IN_TRANSIT
54.000000,1,22,51,48,IN_TRANSIT
55.000000,1,24,51,48,RDY_TO_MOVE
55.000000,0,10,14,21,ARRIVED
55.000000,1,15,42,48,IN_TRANSIT
55.000000,1,21,48,51,IN_TRANSIT
55.000000,1,22,51,48,ARRIVED
56.000000,0,2,6,14,IN_TRANSIT
56.000000,1,15,42,48,IN_TRANSIT
56.000000,1,21,48,51,IN_TRANSIT
56.000000,1,24,51,48,IN_TRANSIT
57.000000,0,2,6,14,ARRIVED
57.000000,0,5,6,7,IN_TRANSIT
57.000000,0,10,21,22,IN_TRANSIT
57.000000,1,15,42,48,IN_TRANSIT
57.000000,1,21,48,51,ARRIVED
57.000000,1,24,51,48,IN_TRANSIT
58.000000,1,17,51,47,RDY_TO_MOVE
58.000000,0,5,6,7,IN_TRANSIT
58.000000,0,10,21,22,IN_TRANSIT
58.000000,1,15,42,48,ARRIVED
58.000000,1,24,51,48,ARRIVED
59.000000,0,5,6,7,IN_TRANSIT
59.000000,0,10,21,22,IN_TRANSIT
59.000000,1,17,51,47,IN_TRANSIT
60.000000,1,21,51,48,RDY_TO_MOVE
60.000000,0,5,6,7,ARRIVED
60.000000,0,10,21,22,ARRIVED
60.000000,1,17,51,47,IN_TRANSIT
61.000000,1,15,48,49,RDY_TO_MOVE
61.000000,1,18,43,36,RDY_TO_MOVE
61.000000,1,20,32,39,RDY_TO_MOVE
61.000000,1,17,51,47,ARRIVED
61.000000,1,21,51,48,IN_TRANSIT
62.000000,1,24,48,42,RDY_TO_MOVE
62.000000,1,15,48,49,IN_TRANSIT
62.000000,1,18,43,36,IN_TRANSIT
62.000000,1,20,32,39,IN_TRANSIT
62.000000,1,21,51,48,IN_TRANSIT
63.000000,1,15,48,49,IN_TRANSIT
63.000000,1,18,43,36,IN_TRANSIT
63.000000,1,20,32,39,IN_TRANSIT
63.000000,1,21,51,48,ARRIVED
63.000000,1,24,48,42,IN_TRANSIT
64.000000,0,5,7,15,IN_TRANSIT
64.000000,1,15,48,49,IN_TRANSIT
64.000000,1,18,43,36,ARRIVED
64.000000,1,20,32,39,IN_TRANSIT
64.000000,1,24,48,42,IN_TRANSIT
65.000000,1,21,48,51,RDY_TO_MOVE
65.000000,0,3,6,5,IN_TRANSIT
65.000000,0,5,7,15,IN_TRANSIT
65.000000,1,15,48,49,ARRIVED
65.000000,1,20,32,39,ARRIVED
65.000000,1,24,48,42,ARRIVED
66.000000,1,17,47,51,RDY_TO_MOVE
66.000000,0,2,14,6,IN_TRANSIT
66.000000,0,3,6,5,IN_TRANSIT
66.000000,0,5,7,15,IN_TRANSIT
66.000000,0,12,1,5,IN_TRANSIT
66.000000,1,21,48,51,IN_TRANSIT
67.000000,0,2,14,6,ARRIVED
67.000000,0,3,6,5,ARRIVED
67.000000,0,5,7,15,ARRIVED
67.000000,0,12,1,5,IN_TRANSIT
67.000000,1,17,47,51,IN_TRANSIT
67.000000,1,21,48,51,IN_TRANSIT
68.000000,0,12,1,5,ARRIVED
68.000000,1,17,47,51,IN_TRANSIT
68.000000,1,21,48,51,IN_TRANSIT
69.000000,1,18,36,43,RDY_TO_MOVE
69.000000,0,1,14,21,IN_TRANSIT
69.000000,1,17,47,51,IN_TRANSIT
69.000000,1,21,48,51,ARRIVED
70.000000,1,21,51,48,RDY_TO_MOVE
70.000000,0,1,14,21,ARRIVED
70.000000,0,2,6,1,IN_TRANSIT
70.000000,1,17,47,51,ARRIVED
70.000000,1,18,36,43,IN_TRANSIT
71.000000,1,14,36,42,RDY_TO_MOVE
71.000000,1,24,42,48,RDY_TO_MOVE
71.000000,0,2,6,1,ARRIVED
71.000000,1,18,36,43,IN_TRANSIT
71.000000,1,21,51,48,IN_TRANSIT
72.000000,0,5,15,14,IN_TRANSIT
72.000000,1,14,36,42,IN_TRANSIT
72.000000,1,18,36,43,IN_TRANSIT
72.000000,1,21,51,48,IN_TRANSIT
72.000000,1,24,42,48,IN_TRANSIT
73.000000,1,23,47,48,RDY_TO_MOVE
73.000000,0,5,15,14,IN_TRANSIT
73.000000,0,6,1,5,IN_TRANSIT
73.000000,1,14,36,42,ARRIVED
73.000000,1,18,36,43,ARRIVED
73.000000,1,21,51,48,ARRIVED
73.000000,1,24,42,48,IN_TRANSIT
74.000000,0,5,15,14,ARRIVED
74.000000,0,6,1,5,IN_TRANSIT
74.000000,1,23,47,48,IN_TRANSIT
74.000000,1,24,42,48,IN_TRANSIT
75.000000,1,20,39,32,RDY_TO_MOVE
75.000000,0,6,1,5,ARRIVED
75.000000,1,23,47,48,IN_TRANSIT
75.000000,1,24,42,48,ARRIVED
76.000000,1,22,48,49,RDY_TO_MOVE
76.000000,0,10,22,15,IN_TRANSIT
76.000000,1,20,39,32,IN_TRANSIT
76.000000,1,23,47,48,IN_TRANSIT
77.000000,0,10,22,15,IN_TRANSIT
77.000000,1,20,39,32,IN_TRANSIT
77.000000,1,22,48,49,IN_TRANSIT
77.000000,1,23,47,48,ARRIVED
78.000000,1,23,48,42,RDY_TO_MOVE
78.000000,1,14,42,49,RDY_TO_MOVE
78.000000,0,10,22,15,IN_TRANSIT
78.000000,1,20,39,32,ARRIVED
78.000000,1,22,48,49,IN_TRANSIT
79.000000,1,17,51,47,RDY_TO_MOVE
79.000000,0,10,22,15,ARRIVED
79.000000,1,14,42,49,IN_TRANSIT
79.000000,1,22,48,49,IN_TRANSIT
79.000000,1,23,48,42,IN_TRANSIT
80.000000,1,14,42,49,ARRIVED
80.000000,1,17,51,47,IN_TRANSIT
80.000000,1,22,48,49,ARRIVED
80.000000,1,23,48,42,IN_TRANSIT
81.000000,1,17,51,47,IN_TRANSIT
81.000000,1,23,48,42,ARRIVED
82.000000,1,18,43,36,RDY_TO_MOVE
82.000000,1,22,49,42,RDY_TO_MOVE
82.000000,0,10,15,22,IN_TRANSIT
82.000000,0,11,5,11,IN_TRANSIT
82.000000,1,17,51,47,ARRIVED
83.000000,0,6,5,6,IN_TRANSIT
83.000000,0,10,15,22,IN_TRANSIT
83.000000,0,11,5,11,IN_TRANSIT
83.000000,1,18,43,36,IN_TRANSIT
83.000000,1,22,49,42,IN_TRANSIT
84.000000,0,6,5,6,IN_TRANSIT
84.000000,0,10,15,22,ARRIVED
84.000000,0,11,5,11,ARRIVED
84.000000,1,18,43,36,IN_TRANSIT
84.000000,1,22,49,42,IN_TRANSIT
85.000000,0,6,5,6,IN_TRANSIT
85.000000,1,18,43,36,ARRIVED
85.000000,1,22,49,42,ARRIVED
86.000000,1,13,47,51,RDY_TO_MOVE
86.000000,0,6,5,6,ARRIVED
87.000000,1,23,42,36,RDY_TO_MOVE
87.000000,1,21,48,51,RDY_TO_MOVE
87.000000,0,5,14,15,IN_TRANSIT
87.000000,0,8,1,6,IN_TRANSIT
87.000000,1,13,47,51,IN_TRANSIT
88.000000,1,20,32,39,RDY_TO_MOVE
88.000000,0,5,14,15,IN_TRANSIT
88.000000,0,7,14,7,IN_TRANSIT
88.000000,0,8,1,6,IN_TRANSIT
88.000000,1,13,47,51,ARRIVED
88.000000,1,21,48,51,IN_TRANSIT
88.000000,1,23,42,36,IN_TRANSIT
89.000000,0,5,14,15,IN_TRANSIT
89.000000,0,7,14,7,IN_TRANSIT
89.000000,0,8,1,6,ARRIVED
89.000000,1,20,32,39,IN_TRANSIT
89.000000,1,21,48,51,IN_TRANSIT
89.000000,1,23,42,36,IN_TRANSIT
90.000000,1,24,48,42,RDY_TO_MOVE
90.000000,1,22,42,36,RDY_TO_MOVE
90.000000,1,17,47,48,RDY_TO_MOVE
90.000000,0,5,14,15,ARRIVED
90.000000,0,7,14,7,IN_TRANSIT
90.000000,1,20,32,39,IN_TRANSIT
90.000000,1,21,48,51,IN_TRANSIT
90.000000,1,23,42,36,ARRIVED
91.000000,0,7,14,7,ARRIVED
91.000000,1,17,47,48,IN_TRANSIT
91.000000,1,20,32,39,IN_TRANSIT
91.000000,1,21,48,51,ARRIVED
91.000000,1,22,42,36,IN_TRANSIT
91.000000,1,24,48,42,IN_TRANSIT
92.000000,1,17,47,48,IN_TRANSIT
92.000000,1,20,32,39,ARRIVED
92.000000,1,22,42,36,IN_TRANSIT
92.000000,1,24,48,42,IN_TRANSIT
93.000000,0,11,11,5,IN_TRANSIT
93.000000,1,17,47,48,IN_TRANSIT
93.000000,1,22,42,36,ARRIVED
93.000000,1,24,48,42,ARRIVED
94.000000,1,14,49,48,RDY_TO_MOVE
94.000000,0,7,7,6,IN_TRANSIT
94.000000,0,11,11,5,IN_TRANSIT
94.000000,1,17,47,48,ARRIVED
95.000000,1,18,36,42,RDY_TO_MOVE
95.000000,0,4,1,5,IN_TRANSIT
95.000000,0,7,7,6,IN_TRANSIT
95.000000,0,11,11,5,IN_TRANSIT
95.000000,1,14,49,48,IN_TRANSIT
96.000000,0,2,1,5,IN_TRANSIT
96.000000,0,4,1,5,IN_TRANSIT
96.000000,0,7,7,6,ARRIVED
96.000000,0,11,11,5,ARRIVED
96.000000,0,12,5,1,IN_TRANSIT
96.000000,1,14,49,48,ARRIVED
96.000000,1,18,36,42,IN_TRANSIT
97.000000,0,2,1,5,ARRIVED
97.000000,0,4,1,5,ARRIVED
97.000000,0,10,22,21,IN_TRANSIT
97.000000,0,12,5,1,IN_TRANSIT
97.000000,1,18,36,42,IN_TRANSIT
98.000000,1,22,36,29,RDY_TO_MOVE
98.000000,0,3,5,11,IN_TRANSIT
98.000000,0,9,1,5,IN_TRANSIT
98.000000,0,10,22,21,IN_TRANSIT
98.000000,0,11,5,1,IN_TRANSIT
98.000000,0,12,5,1,IN_TRANSIT
98.000000,1,18,36,42,IN_TRANSIT
99.000000,1,16,48,47,RDY_TO_MOVE
99.000000,0,3,5,11,IN_TRANSIT
99.000000,0,4,5,11,IN_TRANSIT
99.000000,0,5,15,22,IN_TRANSIT
99.000000,0,6,6,1,IN_TRANSIT
99.000000,0,9,1,5,IN_TRANSIT
99.000000,0,10,22,21,ARRIVED
99.000000,0,11,5,1,IN_TRANSIT
99.000000,0,12,5,1,ARRIVED
99.000000,1,18,36,42,ARRIVED
99.000000,1,22,36,29,IN_TRANSIT
100.000000,0,3,5,11,ARRIVED
100.000000,0,4,5,11,IN_TRANSIT
100.000000,0,5,15,22,IN_TRANSIT
100.000000,0,6,6,1,IN_TRANSIT
100.000000,0,9,1,5,ARRIVED
100.000000,0,11,5,1,IN_TRANSIT
100.000000,1,16,48,47,IN_TRANSIT
100.000000,1,22,36,29,IN_TRANSIT
101.000000,1,14,48,42,RDY_TO_MOVE
101.000000,1,23,36,35,RDY_TO_MOVE
101.000000,0,4,5,11,ARRIVED
101.000000,0,5,15,22,ARRIVED
101.000000,0,6,6,1,IN_TRANSIT
101.000000,0,11,5,1,ARRIVED
101.000000,1,16,48,47,IN_TRANSIT
101.000000,1,22,36,29,ARRIVED
102.000000,0,6,6,1,ARRIVED
102.000000,1,14,48,42,IN_TRANSIT
102.000000,1,16,48,47,ARRIVED
102.000000,1,23,36,35,IN_TRANSIT
103.000000,0,9,5,1,IN_TRANSIT
103.000000,1,14,48,42,ARRIVED
103.000000,1,23,36,35,IN_TRANSIT
104.000000,0,5,22,21,IN_TRANSIT
104.000000,0,9,5,1,IN_TRANSIT
104.000000,1,23,36,35,ARRIVED
105.000000,1,14,42,48,RDY_TO_MOVE
105.000000,0,5,22,21,IN_TRANSIT
105.000000,0,9,5,1,IN_TRANSIT
106.000000,1,23,35,36,RDY_TO_MOVE
106.000000,1,13,51,47,RDY_TO_MOVE
106.000000,0,5,22,21,ARRIVED
106.000000,0,9,5,1,ARRIVED
106.000000,1,14,42,48,IN_TRANSIT
107.000000,0,12,1,6,IN_TRANSIT
107.000000,1,13,51,47,IN_TRANSIT
107.000000,1,14,42,48,ARRIVED
107.000000,1,23,35,36,IN_TRANSIT
108.000000,0,10,21,29,IN_TRANSIT
108.000000,0,12,1,6,IN_TRANSIT
108.000000,1,13,51,47,ARRIVED
108.000000,1,23,35,36,IN_TRANSIT
109.000000,1,14,48,47,RDY_TO_MOVE
109.000000,0,5,21,29,IN_TRANSIT
109.000000,0,10,21,29,IN_TRANSIT
109.000000,0,12,1,6,ARRIVED
109.000000,1,23,35,36,IN_TRANSIT
110.000000,1,22,29,22,RDY_TO_MOVE
110.000000,0,5,21,29,IN_TRANSIT
110.000000,0,10,21,29,ARRIVED
110.000000,1,14,48,47,IN_TRANSIT
110.000000,1,23,35,36,ARRIVED
111.000000,1,23,36,35,RDY_TO_MOVE
111.000000,0,5,21,29,ARRIVED
111.000000,1,14,48,47,ARRIVED
111.000000,1,22,29,22,IN_TRANSIT
112.000000,1,22,29,22,IN_TRANSIT
112.000000,1,23,36,35,IN_TRANSIT
113.000000,1,17,48,51,RDY_TO_MOVE
113.000000,0,8,6,5,IN_TRANSIT
113.000000,1,22,29,22,ARRIVED
113.000000,1,23,36,35,IN_TRANSIT
114.000000,0,8,6,5,IN_TRANSIT
114.000000,1,17,48,51,IN_TRANSIT
114.000000,1,23,36,35,ARRIVED
115.000000,1,15,49,43,RDY_TO_MOVE
115.000000,0,2,5,11,IN_TRANSIT
115.000000,0,8,6,5,ARRIVED
115.000000,1,17,48,51,IN_TRANSIT
116.000000,0,2,5,11,ARRIVED
116.000000,0,4,11,5,IN_TRANSIT
116.000000,1,15,49,43,IN_TRANSIT
116.000000,1,17,48,51,IN_TRANSIT
117.000000,1,24,42,35,RDY_TO_MOVE
117.000000,1,23,35,29,RDY_TO_MOVE
117.000000,0,4,11,5,IN_TRANSIT
117.000000,0,12,6,7,IN_TRANSIT
117.000000,1,15,49,43,IN_TRANSIT
117.000000,1,17,48,51,ARRIVED
118.000000,1,18,42,49,RDY_TO_MOVE
118.000000,0,4,11,5,IN_TRANSIT
118.000000,0,12,6,7,IN_TRANSIT
118.000000,1,15,49,43,IN_TRANSIT
118.000000,1,23,35,29,IN_TRANSIT
118.000000,1,24,42,35,IN_TRANSIT
119.000000,0,2,11,5,IN_TRANSIT
119.000000,0,4,11,5,ARRIVED
119.000000,0,10,29,22,IN_TRANSIT
119.000000,0,12,6,7,IN_TRANSIT
119.000000,1,15,49,43,ARRIVED
119.000000,1,18,42,49,IN_TRANSIT
119.000000,1,23,35,29,IN_TRANSIT
119.000000,1,24,42,35,IN_TRANSIT
120.000000,0,2,11,5,ARRIVED
120.000000,0,10,29,22,IN_TRANSIT
120.000000,0,12,6,7,ARRIVED
120.000000,1,18,42,49,IN_TRANSIT
120.000000,1,23,35,29,ARRIVED
120.000000,1,24,42,35,ARRIVED
121.000000,0,10,29,22,ARRIVED
121.000000,1,18,42,49,IN_TRANSIT
122.000000,0,5,29,22,IN_TRANSIT
122.000000,1,18,42,49,ARRIVED
123.000000,1,21,51,47,RDY_TO_MOVE
123.000000,0,2,5,11,IN_TRANSIT
123.000000,0,5,29,22,IN_TRANSIT
124.000000,1,23,29,22,RDY_TO_MOVE
124.000000,1,24,35,43,RDY_TO_MOVE
124.000000,0,1,21,29,IN_TRANSIT
124.000000,0,2,5,11,ARRIVED
124.000000,0,5,29,22,ARRIVED
124.000000,1,21,51,47,IN_TRANSIT
125.000000,0,1,21,29,ARRIVED
125.000000,1,21,51,47,IN_TRANSIT
125.000000,1,23,29,22,IN_TRANSIT
125.000000,1,24,35,43,IN_TRANSIT
126.000000,0,5,22,15,IN_TRANSIT
126.000000,1,21,51,47,ARRIVED
126.000000,1,23,29,22,IN_TRANSIT
126.000000,1,24,35,43,IN_TRANSIT
127.000000,0,5,22,15,IN_TRANSIT
127.000000,1,23,29,22,ARRIVED
127.000000,1,24,35,43,IN_TRANSIT
128.000000,1,20,39,31,RDY_TO_MOVE
128.000000,0,5,22,15,IN_TRANSIT
128.000000,0,12,7,15,IN_TRANSIT
128.000000,1,24,35,43,ARRIVED
129.000000,1,16,47,48,RDY_TO_MOVE
129.000000,0,5,22,15,ARRIVED
129.000000,0,12,7,15,IN_TRANSIT
129.000000,1,20,39,31,IN_TRANSIT
130.000000,0,10,22,29,IN_TRANSIT
130.000000,0,12,7,15,IN_TRANSIT
130.000000,1,16,47,48,IN_TRANSIT
130.000000,1,20,39,31,IN_TRANSIT
131.000000,0,10,22,29,IN_TRANSIT
131.000000,0,12,7,15,ARRIVED
131.000000,1,16,47,48,IN_TRANSIT
131.000000,1,20,39,31,ARRIVED
132.000000,0,10,22,29,ARRIVED
132.000000,1,16,47,48,IN_TRANSIT
133.000000,0,5,15,7,IN_TRANSIT
133.000000,0,7,6,1,IN_TRANSIT
133.000000,1,16,47,48,ARRIVED
134.000000,1,16,48,51,RDY_TO_MOVE
134.000000,1,20,31,32,RDY_TO_MOVE
134.000000,0,5,15,7,IN_TRANSIT
134.000000,0,7,6,1,IN_TRANSIT
135.000000,1,13,47,48,RDY_TO_MOVE
135.000000,0,5,15,7,IN_TRANSIT
135.000000,0,7,6,1,IN_TRANSIT
135.000000,1,16,48,51,IN_TRANSIT
135.000000,1,20,31,32,IN_TRANSIT
136.000000,0,5,15,7,ARRIVED
136.000000,0,7,6,1,ARRIVED
136.000000,0,8,5,6,IN_TRANSIT
136.000000,1,13,47,48,IN_TRANSIT
136.000000,1,16,48,51,IN_TRANSIT
136.000000,1,20,31,32,IN_TRANSIT
137.000000,0,8,5,6,IN_TRANSIT
137.000000,1,13,47,48,ARRIVED
137.000000,1,16,48,51,IN_TRANSIT
137.000000,1,20,31,32,ARRIVED
138.000000,1,19,47,39,RDY_TO_MOVE
138.000000,0,4,5,6,IN_TRANSIT
138.000000,0,8,5,6,IN_TRANSIT
138.000000,0,10,29,36,IN_TRANSIT
138.000000,0,12,15,14,IN_TRANSIT
138.000000,1,16,48,51,ARRIVED
139.000000,1,13,48,47,RDY_TO_MOVE
139.000000,0,2,11,5,IN_TRANSIT
139.000000,0,4,5,6,IN_TRANSIT
139.000000,0,8,5,6,ARRIVED
139.000000,0,10,29,36,IN_TRANSIT
139.000000,0,12,15,14,IN_TRANSIT
139.000000,1,19,47,39,IN_TRANSIT
140.000000,1,17,51,47,RDY_TO_MOVE
140.000000,1,14,47,39,RDY_TO_MOVE
140.000000,0,2,11,5,ARRIVED
140.000000,0,4,5,6,IN_TRANSIT
140.000000,0,10,29,36,ARRIVED
140.000000,0,12,15,14,ARRIVED
140.000000,1,13,48,47,IN_TRANSIT
140.000000,1,19,47,39,IN_TRANSIT
141.000000,1,23,22,14,RDY_TO_MOVE
141.000000,0,4,5,6,ARRIVED
141.000000,0,9,1,6,IN_TRANSIT
141.000000,1,13,48,47,ARRIVED
141.000000,1,14,47,39,IN_TRANSIT
141.000000,1,17,51,47,IN_TRANSIT
141.000000,1,19,47,39,ARRIVED
142.000000,0,9,1,6,IN_TRANSIT
142.000000,1,14,47,39,ARRIVED
142.000000,1,17,51,47,IN_TRANSIT
142.000000,1,23,22,14,IN_TRANSIT
143.000000,1,16,51,47,RDY_TO_MOVE
143.000000,0,9,1,6,ARRIVED
143.000000,1,17,51,47,ARRIVED
143.000000,1,23,22,14,IN_TRANSIT
144.000000,1,14,39,31,RDY_TO_MOVE
144.000000,1,16,51,47,IN_TRANSIT
144.000000,1,23,22,14,IN_TRANSIT
145.000000,0,1,29,21,IN_TRANSIT
145.000000,0,5,7,14,IN_TRANSIT
145.000000,1,14,39,31,IN_TRANSIT
145.000000,1,16,51,47,IN_TRANSIT
145.000000,1,23,22,14,ARRIVED
146.000000,0,1,29,21,ARRIVED
146.000000,0,5,7,14,IN_TRANSIT
146.000000,1,14,39,31,ARRIVED
146.000000,1,16,51,47,ARRIVED
147.000000,1,19,39,31,RDY_TO_MOVE
147.000000,0,5,7,14,ARRIVED
148.000000,1,19,39,31,IN_TRANSIT
149.000000,0,3,11,17,IN_TRANSIT
149.000000,1,19,39,31,IN_TRANSIT
150.000000,0,3,11,17,IN_TRANSIT
150.000000,0,5,14,21,IN_TRANSIT
150.000000,1,19,39,31,ARRIVED
