0,player,node,groups,units,health
128.000000,1,38,[16;16;16;16;16;16;16],[129;132;126;131;127;128;125],[0.9;1.0;2.9;1.0;2.9;2.9;2.8]
128.000000,0,38,[12;12;12;12;12;12;12],[90;95;93;96;91;89;94],[2.9;2.9;2.9;2.7;2.8;2.8;2.8]
129.000000,1,38,[16;16;16;16;16],[132;131;127;130;126],[0.8;0.8;2.7;1.0;2.8]
129.000000,0,38,[12;12;12;12;12;12;12;12],[99;92;93;89;100;91;96;95],[0.9;2.9;2.8;2.7;0.8;2.6;2.5;2.7]
130.000000,1,38,[16;16;16;16;16;16;16],[131;127;128;126;125;132;129],[0.7;2.4;2.8;2.6;2.7;0.8;0.8]
130.000000,0,38,[12;12;12;12;12;12],[92;89;95;94;99;96],[2.8;2.6;2.6;2.7;0.3;2.3]
131.000000,1,38,[16;16;16;16;16;16],[128;125;129;132;131;130],[2.5;2.6;0.7;0.7;0.6;0.9]
131.000000,0,38,[12;12;12;12;12;12],[93;95;96;99;89;90],[2.5;2.3;2.2;0.2;2.4;2.7]
132.000000,1,38,[16;16;16;16;16;16],[125;132;131;127;128;129],[2.5;0.7;0.5;2.3;2.4;0.6]
132.000000,0,38,[12;12;12;12;12;12;12],[94;89;98;100;93;96;97],[2.6;2.3;0.9;0.5;2.3;2.0;0.8]
133.000000,1,38,[16;16;16;16;16;16;16],[125;127;126;128;132;131;129],[2.4;2.2;2.5;2.2;0.6;0.4;0.6]
133.000000,0,38,[12;12;12;12;12],[92;98;94;93;90],[2.5;0.8;2.4;1.9;2.5]
134.000000,1,38,[16;16;16;16;16;16;16],[129;126;125;128;127;131;130],[0.5;2.4;2.2;2.2;2.0;0.4;0.8]
134.000000,0,38,[12;12;12;12;12;12;12],[99;98;91;89;95;100;93],[0.1;0.7;2.5;2.2;2.1;0.1;1.7]
137.000000,1,38,[24;24;24;24;24;24;24],[192;198;189;194;197;196;193],[2.9;0.8;2.9;2.9;1.0;2.9;2.9]
137.000000,0,38,[12;12;12;12;12;12;12],[97;99;90;100;96;91;94],[0.7;0.0;2.4;0.0;1.8;2.4;2.2]
138.000000,1,38,[24;24;24;24;24;24;24],[189;191;199;194;193;190;196],[2.9;2.9;0.9;2.9;2.8;2.9;2.8]
138.000000,0,38,[12;12;12;12;12;12;12;12;12],[93;98;97;91;96;94;90;89;92],[1.6;0.6;0.6;2.3;1.5;2.0;2.3;2.1;2.4]
139.000000,1,38,[24;24;24;24;24;24;24;24],[195;199;200;193;191;196;190;197],[2.9;0.8;1.0;2.7;2.7;2.7;2.9;0.9]
139.000000,0,38,[12;12;12;12;12;12;12],[93;94;89;90;98;92;95],[1.3;1.7;1.9;2.2;0.5;2.3;2.0]
140.000000,1,38,[24;24;24;24;24;24;24;24],[191;197;192;194;198;200;193;189],[2.6;0.8;2.8;2.8;0.7;0.9;2.6;2.8]
140.000000,0,38,[12;12;12;12;12;12],[90;92;96;89;94;95],[2.0;2.2;1.4;1.6;1.5;1.7]
141.000000,1,38,[24;24;24;24;24],[196;193;191;198;200],[2.5;2.5;2.6;0.6;0.9]
141.000000,0,38,[12;12;12;12;12;12;12],[95;89;92;90;93;97;98],[1.4;1.5;2.0;1.8;1.2;0.4;0.4]
