0,player1,player2,status,focus
0.000000,1100.0,1100.0,0,22
1.000000,1100.0,1100.0,0,22
2.000000,1100.0,1100.0,0,22
3.000000,1100.0,1100.0,0,22
4.000000,1100.0,1100.0,0,22
5.000000,1100.0,1100.0,0,22
6.000000,1100.0,1100.0,0,22
7.000000,1100.0,1100.0,0,22
8.000000,1100.0,1100.0,0,22
9.000000,1100.0,1100.0,0,22
10.000000,1100.0,1100.0,0,2
11.000000,1100.0,1100.0,0,2
12.000000,1100.0,1100.0,0,2
13.000000,1100.0,1100.0,0,2
14.000000,1100.0,1100.0,0,2
15.000000,1100.0,1100.0,0,2
16.000000,1100.0,1100.0,0,2
17.000000,1100.0,1100.0,0,2
18.000000,1100.0,1100.0,0,2
19.000000,1100.0,1100.0,0,2
20.000000,1100.0,1100.0,0,9
21.000000,1100.0,1100.0,0,9
22.000000,1100.0,1100.0,0,9
23.000000,1100.0,1100.0,0,9
24.000000,1100.0,1100.0,0,9
25.000000,1100.0,1100.0,0,9
26.000000,1100.0,1100.0,0,9
27.000000,1100.0,1100.0,0,9
28.000000,1100.0,1100.0,0,9
29.000000,1100.0,1100.0,0,9
30.000000,1100.0,1100.0,0,10
31.000000,1100.0,1100.0,0,10
32.000000,1100.0,1100.0,0,10
33.000000,1100.0,1100.0,0,10
34.000000,1100.0,1100.0,0,10
35.000000,1100.0,1100.0,0,10
36.000000,1100.0,1100.0,0,10
37.000000,1100.0,1100.0,0,10
38.000000,1100.0,1100.0,0,10
39.000000,1100.0,1100.0,0,10
40.000000,1100.0,1100.0,0,3
41.000000,1100.0,1100.0,0,3
42.000000,1100.0,1100.0,0,3
43.000000,1100.0,1100.0,0,3
44.000000,1100.0,1100.0,0,3
45.000000,1100.0,1100.0,0,3
46.000000,1100.0,1100.0,0,3
47.000000,1100.0,1100.0,0,3
48.000000,1100.0,1100.0,0,3
49.000000,1100.0,1100.0,0,3
50.000000,1100.0,1100.0,0,0
51.000000,1100.0,1100.0,0,0
52.000000,1100.0,1100.0,0,0
53.000000,1100.0,1100.0,0,0
54.000000,1100.0,1100.0,0,0
55.000000,1100.0,1100.0,0,0
56.000000,1100.0,1100.0,0,0
57.000000,1100.0,1100.0,0,0
58.000000,1100.0,1100.0,0,0
59.000000,1100.0,1100.0,0,0
60.000000,1100.0,1100.0,0,1
61.000000,1100.0,1100.0,0,1
62.000000,1100.0,1100.0,0,1
63.000000,1100.0,1100.0,0,1
64.000000,1100.0,1100.0,0,1
65.000000,1100.0,1100.0,0,1
66.000000,1100.0,1100.0,0,1
67.000000,1100.0,1100.0,0,1
68.000000,1100.0,1100.0,0,1
69.000000,1100.0,1100.0,0,1
70.000000,1100.0,1100.0,0,7
71.000000,1100.0,1100.0,0,7
72.000000,1100.0,1100.0,0,7
73.000000,1100.0,1100.0,0,7
74.000000,1100.0,1100.0,0,7
75.000000,1100.0,1100.0,0,7
76.000000,1100.0,1100.0,0,7
77.000000,1100.0,1100.0,0,7
78.000000,1100.0,1100.0,0,7
79.000000,1100.0,1100.0,0,7
80.000000,1100.0,1100.0,0,1
81.000000,1100.0,1100.0,0,1
82.000000,1100.0,1100.0,0,1
83.000000,1100.0,1100.0,0,1
84.000000,1100.0,1100.0,0,1
85.000000,1100.0,1100.0,0,1
86.000000,1100.0,1100.0,0,1
87.000000,1100.0,1100.0,0,1
88.000000,1100.0,1100.0,0,1
89.000000,1100.0,1100.0,0,1
90.000000,1100.0,1100.0,0,22
91.000000,1100.0,1100.0,0,22
92.000000,1100.0,1100.0,0,22
93.000000,1100.0,1100.0,0,22
94.000000,1100.0,1100.0,0,22
95.000000,1100.0,1100.0,0,22
96.000000,1100.0,1100.0,0,22
97.000000,1100.0,1100.0,0,22
98.000000,1100.0,1100.0,0,22
99.000000,1100.0,1100.0,0,22
100.000000,1100.0,1100.0,0,17
101.000000,1100.0,1100.0,0,17
102.000000,1100.0,1100.0,0,17
103.000000,1100.0,1100.0,0,17
104.000000,1100.0,1100.0,0,17
105.000000,1100.0,1100.0,0,17
106.000000,1100.0,1100.0,0,17
107.000000,1100.0,1100.0,0,17
108.000000,1100.0,1100.0,0,17
109.000000,1100.0,1100.0,0,17
110.000000,1100.0,1100.0,0,13
111.000000,1100.0,1100.0,0,13
112.000000,1100.0,1100.0,0,13
113.000000,1100.0,1100.0,0,13
114.000000,1100.0,1100.0,0,13
115.000000,1100.0,1100.0,0,13
116.000000,1100.0,1100.0,0,13
117.000000,1100.0,1100.0,0,13
118.000000,1100.0,1100.0,0,13
119.000000,1100.0,1100.0,0,13
120.000000,1100.0,1100.0,0,20
121.000000,1100.0,1100.0,0,20
122.000000,1100.0,1100.0,0,20
123.000000,1100.0,1100.0,0,20
124.000000,1100.0,1100.0,0,20
125.000000,1100.0,1100.0,0,20
126.000000,1100.0,1100.0,0,20
127.000000,1100.0,1100.0,0,20
128.000000,1100.0,1100.0,0,20
129.000000,1100.0,1100.0,0,20
130.000000,1100.0,1100.0,0,2
131.000000,1100.0,1100.0,0,2
132.000000,1100.0,1100.0,0,2
133.000000,1100.0,1100.0,0,2
134.000000,1100.0,1100.0,0,2
135.000000,1100.0,1100.0,0,2
136.000000,1100.0,1100.0,0,2
137.000000,1100.0,1100.0,0,2
138.000000,1100.0,1100.0,0,2
139.000000,1100.0,1100.0,0,2
140.000000,1100.0,1100.0,0,23
141.000000,1100.0,1100.0,0,23
142.000000,1100.0,1100.0,0,23
143.000000,1100.0,1100.0,0,23
144.000000,1100.0,1100.0,0,23
145.000000,1100.0,1100.0,0,23
146.000000,1100.0,1100.0,0,23
147.000000,1100.0,1100.0,0,23
148.000000,1100.0,1100.0,0,23
149.000000,1100.0,1100.0,0,23
150.000000,1100.0,1100.0,1,3
