0,player1,player2,status,focus
0.000000,1100.0,1100.0,0,4
1.000000,1100.0,1100.0,0,4
2.000000,1100.0,1100.0,0,4
3.000000,1100.0,1100.0,0,4
4.000000,1100.0,1100.0,0,4
5.000000,1100.0,1100.0,0,4
6.000000,1100.0,1100.0,0,4
7.000000,1100.0,1100.0,0,4
8.000000,1100.0,1100.0,0,4
9.000000,1100.0,1100.0,0,4
10.000000,1100.0,1100.0,0,8
11.000000,1100.0,1100.0,0,8
12.000000,1100.0,1100.0,0,8
13.000000,1100.0,1100.0,0,8
14.000000,1100.0,1100.0,0,8
15.000000,1100.0,1100.0,0,8
16.000000,1100.0,1100.0,0,8
17.000000,1100.0,1100.0,0,8
18.000000,1100.0,1100.0,0,8
19.000000,1100.0,1100.0,0,8
20.000000,1100.0,1100.0,0,0
21.000000,1100.0,1100.0,0,0
22.000000,1100.0,1100.0,0,0
23.000000,1100.0,1100.0,0,0
24.000000,1100.0,1100.0,0,0
25.000000,1100.0,1100.0,0,0
26.000000,1100.0,1100.0,0,0
27.000000,1100.0,1100.0,0,0
28.000000,1100.0,1100.0,0,0
29.000000,1100.0,1100.0,0,0
30.000000,1100.0,1100.0,0,15
31.000000,1100.0,1100.0,0,15
32.000000,1100.0,1100.0,0,15
33.000000,1100.0,1100.0,0,15
34.000000,1100.0,1100.0,0,15
35.000000,1100.0,1100.0,0,15
36.000000,1100.0,1100.0,0,15
37.000000,1100.0,1100.0,0,15
38.000000,1100.0,1100.0,0,15
39.000000,1100.0,1100.0,0,15
40.000000,1100.0,1100.0,0,18
41.000000,1100.0,1100.0,0,18
42.000000,1100.0,1100.0,0,18
43.000000,1100.0,1100.0,0,18
44.000000,1100.0,1100.0,0,18
45.000000,1100.0,1100.0,0,18
46.000000,1100.0,1100.0,0,18
47.000000,1100.0,1100.0,0,18
48.000000,1100.0,1100.0,0,18
49.000000,1100.0,1100.0,0,18
50.000000,1100.0,1100.0,0,12
51.000000,1100.0,1100.0,0,12
52.000000,1100.0,1100.0,0,12
53.000000,1100.0,1100.0,0,12
54.000000,1100.0,1100.0,0,12
55.000000,1100.0,1100.0,0,12
56.000000,1100.0,1100.0,0,12
57.000000,1100.0,1100.0,0,12
58.000000,1100.0,1100.0,0,12
59.000000,1100.0,1100.0,0,12
60.000000,1100.0,1100.0,0,3
61.000000,1100.0,1100.0,0,3
62.000000,1100.0,1100.0,0,3
63.000000,1100.0,1100.0,0,3
64.000000,1100.0,1100.0,0,3
65.000000,1100.0,1100.0,0,3
66.000000,1100.0,1100.0,0,3
67.000000,1100.0,1100.0,0,3
68.000000,1100.0,1100.0,0,3
69.000000,1100.0,1100.0,0,3
70.000000,1100.0,1100.0,0,7
71.000000,1100.0,1100.0,0,7
72.000000,1100.0,1100.0,0,7
73.000000,1100.0,1100.0,0,7
74.000000,1100.0,1100.0,0,7
75.000000,1100.0,1100.0,0,7
76.000000,1100.0,1100.0,0,7
77.000000,1100.0,1100.0,0,7
78.000000,1100.0,1100.0,0,7
79.000000,1100.0,1100.0,0,7
80.000000,1100.0,1100.0,0,6
81.000000,1100.0,1100.0,0,6
82.000000,1100.0,1100.0,0,6
83.000000,1100.0,1100.0,0,6
84.000000,1100.0,1100.0,0,6
85.000000,1100.0,1100.0,0,6
86.000000,1100.0,1100.0,0,6
87.000000,1100.0,1100.0,0,6
88.000000,1100.0,1100.0,0,6
89.000000,1100.0,1100.0,0,6
90.000000,1100.0,1100.0,0,14
91.000000,1100.0,1100.0,0,14
92.000000,1100.0,1100.0,0,14
93.000000,1100.0,1100.0,0,14
94.000000,1100.0,1100.0,0,14
95.000000,1100.0,1100.0,0,14
96.000000,1100.0,1100.0,0,14
97.000000,1100.0,1100.0,0,14
98.000000,1100.0,1100.0,0,14
99.000000,1100.0,1100.0,0,14
100.000000,1100.0,1100.0,0,4
101.000000,1100.0,1100.0,0,4
102.000000,1100.0,1100.0,0,4
103.000000,1100.0,1100.0,0,4
104.000000,1100.0,1100.0,0,4
105.000000,1100.0,1100.0,0,4
106.000000,1100.0,1100.0,0,4
107.000000,1100.0,1100.0,0,4
108.000000,1100.0,1100.0,0,4
109.000000,1100.0,1100.0,0,4
110.000000,1100.0,1100.0,0,0
111.000000,1100.0,1100.0,0,0
112.000000,1100.0,1100.0,0,0
113.000000,1100.0,1100.0,0,0
114.000000,1100.0,1100.0,0,0
115.000000,1100.0,1100.0,0,0
116.000000,1100.0,1100.0,0,0
117.000000,1100.0,1100.0,0,0
118.000000,1100.0,1100.0,0,0
119.000000,1100.0,1100.0,0,0
120.000000,1100.0,1100.0,0,16
121.000000,1100.0,1100.0,0,16
122.000000,1100.0,1100.0,0,16
123.000000,1100.0,1100.0,0,16
124.000000,1100.0,1100.0,0,16
125.000000,1100.0,1100.0,0,16
126.000000,1100.0,1100.0,0,16
127.000000,1100.0,1100.0,0,16
128.000000,1100.0,1100.0,0,16
129.000000,1100.0,1100.0,0,16
130.000000,1100.0,1100.0,0,22
131.000000,1100.0,1100.0,0,22
132.000000,1100.0,1100.0,0,22
133.000000,1100.0,1100.0,0,22
134.000000,1100.0,1100.0,0,22
135.000000,1100.0,1100.0,0,22
136.000000,1100.0,1100.0,0,22
137.000000,1100.0,1100.0,0,22
138.000000,1100.0,1100.0,0,22
139.000000,1100.0,1100.0,0,22
140.000000,1100.0,1100.0,0,15
141.000000,1100.0,1100.0,0,15
142.000000,1100.0,1100.0,0,15
143.000000,1100.0,1100.0,0,15
144.000000,1100.0,1100.0,0,15
145.000000,1100.0,1100.0,0,15
146.000000,1100.0,1100.0,0,15
147.000000,1100.0,1100.0,0,15
148.000000,1100.0,1100.0,0,15
149.000000,1100.0,1100.0,0,15
150.000000,1100.0,1100.0,1,16
