0,player1,player2,status,focus
0.000000,1100.0,1100.0,0,1
1.000000,1100.0,1100.0,0,1
2.000000,1100.0,1100.0,0,1
3.000000,1100.0,1100.0,0,1
4.000000,1100.0,1100.0,0,1
5.000000,1100.0,1100.0,0,1
6.000000,1100.0,1100.0,0,1
7.000000,1100.0,1100.0,0,1
8.000000,1108.0,1100.0,0,1
9.000000,1124.0,1100.0,0,1
10.000000,1140.0,1100.0,0,24
11.000000,1156.0,1100.0,0,24
12.000000,1180.0,1100.0,0,24
13.000000,1300.0,1100.0,0,24
14.000000,1300.0,1100.0,0,24
15.000000,1300.0,1100.0,0,24
16.000000,1300.0,1108.0,0,24
17.000000,1300.0,1128.0,0,24
18.000000,1300.0,1156.0,0,24
19.000000,1300.0,1192.0,0,24
20.000000,1300.0,1300.0,0,3
21.000000,1300.0,1300.0,0,3
22.000000,1300.0,1300.0,0,3
23.000000,1300.0,1308.0,0,3
24.000000,1300.0,1316.0,0,3
25.000000,1300.0,1324.0,0,3
26.000000,1300.0,1332.0,0,3
27.000000,1300.0,1340.0,0,3
28.000000,1300.0,1348.0,0,3
29.000000,1316.0,1364.0,0,3
30.000000,1332.0,1380.0,0,6
31.000000,1348.0,1396.0,0,6
32.000000,1364.0,1508.0,0,6
33.000000,1380.0,1516.0,0,6
34.000000,1396.0,1524.0,0,6
35.000000,1412.0,1532.0,0,6
36.000000,1428.0,1540.0,0,6
37.000000,1444.0,1560.0,0,6
38.000000,1460.0,1580.0,0,6
39.000000,1476.0,1600.0,0,6
40.000000,1484.0,1620.0,0,15
41.000000,1588.0,1640.0,0,15
42.000000,1588.0,1660.0,0,15
43.000000,1596.0,1680.0,0,15
44.000000,1604.0,1692.0,0,15
45.000000,1612.0,1796.0,0,15
46.000000,1620.0,1796.0,0,15
47.000000,1628.0,1796.0,0,15
48.000000,1636.0,1804.0,0,15
49.000000,1652.0,1804.0,0,15
50.000000,1668.0,1804.0,0,8
51.000000,1684.0,1804.0,0,8
52.000000,1692.0,1812.0,0,8
53.000000,1700.0,1820.0,0,8
54.000000,1708.0,1828.0,0,8
55.000000,1812.0,1836.0,0,8
56.000000,1820.0,1844.0,0,8
57.000000,1828.0,1852.0,0,8
58.000000,1836.0,1872.0,0,8
59.000000,1844.0,1892.0,0,8
60.000000,1852.0,1912.0,0,6
61.000000,1860.0,1932.0,0,6
62.000000,1868.0,1944.0,0,6
63.000000,1876.0,1956.0,0,6
64.000000,1884.0,1968.0,0,6
65.000000,1892.0,1980.0,0,6
66.000000,1900.0,2092.0,0,6
67.000000,1908.0,2100.0,0,6
68.000000,2012.0,2108.0,0,6
69.000000,2012.0,2116.0,0,6
70.000000,2012.0,2116.0,0,3
71.000000,2012.0,2116.0,0,3
72.000000,2012.0,2116.0,0,3
73.000000,2020.0,2116.0,0,3
74.000000,2028.0,2124.0,0,3
75.000000,2036.0,2132.0,0,3
76.000000,2036.0,2140.0,0,3
77.000000,2036.0,2148.0,0,3
78.000000,2036.0,2156.0,0,3
79.000000,2036.0,2164.0,0,3
80.000000,2044.0,2172.0,0,24
81.000000,2148.0,2188.0,0,24
82.000000,2148.0,2204.0,0,24
83.000000,2148.0,2220.0,0,24
84.000000,2148.0,2236.0,0,24
85.000000,2148.0,2252.0,0,24
86.000000,2148.0,2364.0,0,24
87.000000,2156.0,2364.0,0,24
88.000000,2164.0,2364.0,0,24
89.000000,2172.0,2372.0,0,24
90.000000,2180.0,2380.0,0,5
91.000000,2188.0,2388.0,0,5
92.000000,2196.0,2396.0,0,5
93.000000,2204.0,2416.0,0,5
94.000000,2212.0,2436.0,0,5
95.000000,2228.0,2456.0,0,5
96.000000,2244.0,2476.0,0,5
97.000000,2260.0,2488.0,0,5
98.000000,2276.0,2500.0,0,5
99.000000,2388.0,2520.0,0,5
100.000000,2388.0,2540.0,0,5
101.000000,2388.0,2652.0,0,5
102.000000,2388.0,2660.0,0,5
103.000000,2396.0,2668.0,0,5
104.000000,2404.0,2676.0,0,5
105.000000,2404.0,2684.0,0,5
106.000000,2404.0,2796.0,0,5
107.000000,2412.0,2804.0,0,5
108.000000,2420.0,2804.0,0,5
109.000000,2428.0,2804.0,0,5
110.000000,2444.0,2812.0,0,16
111.000000,2460.0,2820.0,0,16
112.000000,2476.0,2836.0,0,16
113.000000,2484.0,2844.0,0,16
114.000000,2492.0,2948.0,0,16
115.000000,2500.0,2948.0,0,16
116.000000,2516.0,2948.0,0,16
117.000000,2532.0,2956.0,0,16
118.000000,2548.0,2964.0,0,16
119.000000,2564.0,2972.0,0,16
120.000000,2572.0,2980.0,0,12
121.000000,2580.0,2996.0,0,12
122.000000,2692.0,3012.0,0,12
123.000000,2700.0,3028.0,0,12
124.000000,2716.0,3044.0,0,12
125.000000,2732.0,3060.0,0,12
126.000000,2844.0,3084.0,0,12
127.000000,2852.0,3204.0,0,12
128.000000,2860.0,3220.0,0,12
129.000000,2868.0,3428.0,0,12
130.000000,2876.0,3428.0,0,18
131.000000,2884.0,3428.0,0,18
132.000000,2900.0,3428.0,0,18
133.000000,2924.0,3428.0,0,18
134.000000,3056.0,3436.0,0,18
135.000000,3084.0,3444.0,0,18
136.000000,3120.0,3460.0,0,18
137.000000,3156.0,3476.0,0,18
138.000000,3192.0,3492.0,0,18
139.000000,3216.0,3516.0,0,18
140.000000,3424.0,3636.0,0,1
141.000000,3424.0,3748.0,0,1
142.000000,3424.0,3756.0,0,1
143.000000,3432.0,3764.0,0,1
144.000000,3440.0,3772.0,0,1
145.000000,3448.0,3780.0,0,1
146.000000,3456.0,3788.0,0,1
147.000000,3464.0,3796.0,0,1
148.000000,3472.0,3900.0,0,1
149.000000,3480.0,3900.0,0,1
150.000000,3584.0,3900.0,1,19
