0,player,group,start,destination,status
2.000000,0,4,1,5,IN_TRANSIT
3.000000,0,4,1,5,IN_TRANSIT
4.000000,1,15,51,47,RDY_TO_MOVE
4.000000,0,4,1,5,ARRIVED
5.000000,1,22,51,48,RDY_TO_MOVE
5.000000,0,12,1,6,IN_TRANSIT
5.000000,1,15,51,47,IN_TRANSIT
6.000000,0,12,1,6,IN_TRANSIT
6.000000,1,15,51,47,IN_TRANSIT
6.000000,1,22,51,48,IN_TRANSIT
7.000000,0,12,1,6,ARRIVED
7.000000,1,15,51,47,ARRIVED
7.000000,1,22,51,48,IN_TRANSIT
8.000000,1,22,51,48,ARRIVED
9.000000,1,17,51,48,RDY_TO_MOVE
9.000000,0,9,1,6,IN_TRANSIT
10.000000,1,15,47,51,RDY_TO_MOVE
10.000000,1,22,48,42,RDY_TO_MOVE
10.000000,0,9,1,6,IN_TRANSIT
10.000000,1,17,51,48,IN_TRANSIT
11.000000,0,9,1,6,ARRIVED
11.000000,1,15,47,51,IN_TRANSIT
11.000000,1,17,51,48,IN_TRANSIT
11.000000,1,22,48,42,IN_TRANSIT
12.000000,0,10,1,6,IN_TRANSIT
12.000000,1,15,47,51,IN_TRANSIT
12.000000,1,17,51,48,ARRIVED
12.000000,1,22,48,42,IN_TRANSIT
13.000000,0,1,1,5,IN_TRANSIT
13.000000,0,2,1,6,IN_TRANSIT
13.000000,0,10,1,6,IN_TRANSIT
13.000000,1,15,47,51,IN_TRANSIT
13.000000,1,22,48,42,ARRIVED
14.000000,1,16,51,48,RDY_TO_MOVE
14.000000,0,1,1,5,ARRIVED
14.000000,0,2,1,6,ARRIVED
14.000000,0,9,6,13,IN_TRANSIT
14.000000,0,10,1,6,ARRIVED
14.000000,1,15,47,51,ARRIVED
15.000000,1,17,48,47,RDY_TO_MOVE
15.000000,0,9,6,13,IN_TRANSIT
15.000000,1,16,51,48,IN_TRANSIT
16.000000,0,4,5,13,IN_TRANSIT
16.000000,0,9,6,13,ARRIVED
16.000000,0,10,6,12,IN_TRANSIT
16.000000,1,16,51,48,IN_TRANSIT
16.000000,1,17,48,47,IN_TRANSIT
17.000000,1,19,51,48,RDY_TO_MOVE
17.000000,0,4,5,13,IN_TRANSIT
17.000000,0,10,6,12,IN_TRANSIT
17.000000,1,16,51,48,ARRIVED
17.000000,1,17,48,47,IN_TRANSIT
18.000000,1,23,51,48,RDY_TO_MOVE
18.000000,0,4,5,13,ARRIVED
18.000000,0,10,6,12,ARRIVED
18.000000,1,17,48,47,ARRIVED
18.000000,1,19,51,48,IN_TRANSIT
19.000000,1,19,51,48,IN_TRANSIT
19.000000,1,23,51,48,IN_TRANSIT
20.000000,1,19,51,48,ARRIVED
20.000000,1,23,51,48,IN_TRANSIT
21.000000,1,17,47,40,RDY_TO_MOVE
21.000000,1,23,51,48,ARRIVED
22.000000,1,13,51,47,RDY_TO_MOVE
22.000000,0,2,6,12,IN_TRANSIT
22.000000,1,17,47,40,IN_TRANSIT
23.000000,1,15,51,48,RDY_TO_MOVE
23.000000,0,2,6,12,ARRIVED
23.000000,1,13,51,47,IN_TRANSIT
23.000000,1,17,47,40,IN_TRANSIT
24.000000,1,13,51,47,ARRIVED
24.000000,1,15,51,48,IN_TRANSIT
24.000000,1,17,47,40,ARRIVED
25.000000,0,2,12,13,IN_TRANSIT
25.000000,0,4,13,12,IN_TRANSIT
25.000000,1,15,51,48,IN_TRANSIT
26.000000,1,18,51,48,RDY_TO_MOVE
26.000000,0,2,12,13,ARRIVED
26.000000,0,4,13,12,IN_TRANSIT
26.000000,1,15,51,48,ARRIVED
27.000000,0,4,13,12,ARRIVED
27.000000,1,18,51,48,IN_TRANSIT
28.000000,1,17,40,47,RDY_TO_MOVE
28.000000,0,9,13,14,IN_TRANSIT
28.000000,0,10,12,5,IN_TRANSIT
28.000000,1,18,51,48,IN_TRANSIT
29.000000,1,23,48,47,RDY_TO_MOVE
29.000000,0,9,13,14,IN_TRANSIT
29.000000,0,10,12,5,IN_TRANSIT
29.000000,1,17,40,47,IN_TRANSIT
29.000000,1,18,51,48,ARRIVED
30.000000,0,9,13,14,IN_TRANSIT
30.000000,0,10,12,5,IN_TRANSIT
30.000000,0,12,6,14,IN_TRANSIT
30.000000,1,17,40,47,IN_TRANSIT
30.000000,1,23,48,47,IN_TRANSIT
31.000000,1,16,48,41,RDY_TO_MOVE
31.000000,0,9,13,14,ARRIVED
31.000000,0,10,12,5,ARRIVED
31.000000,0,12,6,14,IN_TRANSIT
31.000000,1,17,40,47,IN_TRANSIT
31.000000,1,23,48,47,IN_TRANSIT
32.000000,0,12,6,14,ARRIVED
32.000000,1,16,48,41,IN_TRANSIT
32.000000,1,17,40,47,ARRIVED
32.000000,1,23,48,47,ARRIVED
33.000000,1,18,48,47,RDY_TO_MOVE
33.000000,0,2,13,14,IN_TRANSIT
33.000000,1,16,48,41,IN_TRANSIT
34.000000,1,20,51,48,RDY_TO_MOVE
34.000000,0,2,13,14,ARRIVED
34.000000,1,16,48,41,ARRIVED
34.000000,1,18,48,47,IN_TRANSIT
35.000000,0,4,12,5,IN_TRANSIT
35.000000,1,18,48,47,IN_TRANSIT
35.000000,1,20,51,48,IN_TRANSIT
36.000000,1,15,48,47,RDY_TO_MOVE
36.000000,1,16,41,35,RDY_TO_MOVE
36.000000,0,4,12,5,IN_TRANSIT
36.000000,0,11,1,6,IN_TRANSIT
36.000000,1,18,48,47,ARRIVED
36.000000,1,20,51,48,IN_TRANSIT
37.000000,1,21,51,47,RDY_TO_MOVE
37.000000,1,13,47,48,RDY_TO_MOVE
37.000000,0,4,12,5,IN_TRANSIT
37.000000,0,11,1,6,IN_TRANSIT
37.000000,1,15,48,47,IN_TRANSIT
37.000000,1,16,41,35,IN_TRANSIT
37.000000,1,20,51,48,ARRIVED
38.000000,0,2,14,13,IN_TRANSIT
38.000000,0,4,12,5,ARRIVED
38.000000,0,11,1,6,ARRIVED
38.000000,1,13,47,48,IN_TRANSIT
38.000000,1,15,48,47,IN_TRANSIT
38.000000,1,16,41,35,IN_TRANSIT
38.000000,1,21,51,47,IN_TRANSIT
39.000000,1,23,47,51,RDY_TO_MOVE
39.000000,0,2,14,13,ARRIVED
39.000000,1,13,47,48,ARRIVED
39.000000,1,15,48,47,ARRIVED
39.000000,1,16,41,35,ARRIVED
39.000000,1,21,51,47,IN_TRANSIT
40.000000,1,22,42,50,RDY_TO_MOVE
40.000000,1,19,48,40,RDY_TO_MOVE
40.000000,1,21,51,47,ARRIVED
40.000000,1,23,47,51,IN_TRANSIT
41.000000,0,10,5,12,IN_TRANSIT
41.000000,1,19,48,40,IN_TRANSIT
41.000000,1,22,42,50,IN_TRANSIT
41.000000,1,23,47,51,IN_TRANSIT
42.000000,1,18,47,41,RDY_TO_MOVE
42.000000,0,10,5,12,IN_TRANSIT
42.000000,1,19,48,40,IN_TRANSIT
42.000000,1,22,42,50,IN_TRANSIT
42.000000,1,23,47,51,IN_TRANSIT
43.000000,0,10,5,12,ARRIVED
43.000000,0,12,14,8,IN_TRANSIT
43.000000,1,18,47,41,IN_TRANSIT
43.000000,1,19,48,40,ARRIVED
43.000000,1,22,42,50,IN_TRANSIT
43.000000,1,23,47,51,ARRIVED
44.000000,0,12,14,8,IN_TRANSIT
44.000000,1,18,47,41,IN_TRANSIT
44.000000,1,22,42,50,ARRIVED
45.000000,1,13,48,40,RDY_TO_MOVE
45.000000,1,19,40,41,RDY_TO_MOVE
45.000000,0,12,14,8,IN_TRANSIT
45.000000,1,18,47,41,ARRIVED
46.000000,1,20,48,51,RDY_TO_MOVE
46.000000,1,15,47,48,RDY_TO_MOVE
46.000000,0,4,5,1,IN_TRANSIT
46.000000,0,12,14,8,ARRIVED
46.000000,1,13,48,40,IN_TRANSIT
46.000000,1,19,40,41,IN_TRANSIT
47.000000,1,16,35,42,RDY_TO_MOVE
47.000000,0,4,5,1,IN_TRANSIT
47.000000,1,13,48,40,ARRIVED
47.000000,1,15,47,48,IN_TRANSIT
47.000000,1,19,40,41,IN_TRANSIT
47.000000,1,20,48,51,IN_TRANSIT
48.000000,0,4,5,1,IN_TRANSIT
48.000000,1,15,47,48,IN_TRANSIT
48.000000,1,16,35,42,IN_TRANSIT
48.000000,1,19,40,41,IN_TRANSIT
48.000000,1,20,48,51,IN_TRANSIT
49.000000,1,14,51,47,RDY_TO_MOVE
49.000000,0,4,5,1,ARRIVED
49.000000,0,6,1,6,IN_TRANSIT
49.000000,1,15,47,48,IN_TRANSIT
49.000000,1,16,35,42,IN_TRANSIT
49.000000,1,19,40,41,ARRIVED
49.000000,1,20,48,51,IN_TRANSIT
50.000000,0,6,1,6,IN_TRANSIT
50.000000,0,9,14,21,IN_TRANSIT
50.000000,0,10,12,5,IN_TRANSIT
50.000000,1,14,51,47,IN_TRANSIT
50.000000,1,15,47,48,ARRIVED
50.000000,1,16,35,42,IN_TRANSIT
50.000000,1,20,48,51,ARRIVED
51.000000,0,2,13,19,IN_TRANSIT
51.000000,0,6,1,6,ARRIVED
51.000000,0,9,14,21,IN_TRANSIT
51.000000,0,10,12,5,IN_TRANSIT
51.000000,1,14,51,47,ARRIVED
51.000000,1,16,35,42,ARRIVED
52.000000,1,13,40,32,RDY_TO_MOVE
52.000000,1,19,41,48,RDY_TO_MOVE
52.000000,0,2,13,19,ARRIVED
52.000000,0,9,14,21,ARRIVED
52.000000,0,10,12,5,IN_TRANSIT
53.000000,1,22,50,43,RDY_TO_MOVE
53.000000,0,10,12,5,ARRIVED
53.000000,1,13,40,32,IN_TRANSIT
53.000000,1,19,41,48,IN_TRANSIT
54.000000,1,13,40,32,ARRIVED
54.000000,1,19,41,48,IN_TRANSIT
54.000000,1,22,50,43,IN_TRANSIT
55.000000,0,5,1,5,IN_TRANSIT
55.000000,0,6,6,13,IN_TRANSIT
55.000000,1,19,41,48,IN_TRANSIT
55.000000,1,22,50,43,IN_TRANSIT
56.000000,1,15,48,41,RDY_TO_MOVE
56.000000,1,16,42,50,RDY_TO_MOVE
56.000000,0,5,1,5,IN_TRANSIT
56.000000,0,6,6,13,IN_TRANSIT
56.000000,1,19,41,48,ARRIVED
56.000000,1,22,50,43,ARRIVED
57.000000,1,18,41,33,RDY_TO_MOVE
57.000000,1,20,51,47,RDY_TO_MOVE
57.000000,0,1,5,13,IN_TRANSIT
57.000000,0,5,1,5,ARRIVED
57.000000,0,6,6,13,ARRIVED
57.000000,1,15,48,41,IN_TRANSIT
57.000000,1,16,42,50,IN_TRANSIT
58.000000,0,1,5,13,ARRIVED
58.000000,1,15,48,41,IN_TRANSIT
58.000000,1,16,42,50,IN_TRANSIT
58.000000,1,18,41,33,IN_TRANSIT
58.000000,1,20,51,47,IN_TRANSIT
59.000000,0,2,19,25,IN_TRANSIT
59.000000,1,15,48,41,ARRIVED
59.000000,1,16,42,50,IN_TRANSIT
59.000000,1,18,41,33,IN_TRANSIT
59.000000,1,20,51,47,IN_TRANSIT
60.000000,1,22,43,35,RDY_TO_MOVE
60.000000,0,2,19,25,ARRIVED
60.000000,0,7,1,5,IN_TRANSIT
60.000000,1,16,42,50,ARRIVED
60.000000,1,18,41,33,ARRIVED
60.000000,1,20,51,47,ARRIVED
61.000000,1,18,33,27,RDY_TO_MOVE
61.000000,1,17,47,40,RDY_TO_MOVE
61.000000,0,7,1,5,IN_TRANSIT
61.000000,1,22,43,35,IN_TRANSIT
62.000000,0,7,1,5,ARRIVED
62.000000,1,17,47,40,IN_TRANSIT
62.000000,1,18,33,27,IN_TRANSIT
62.000000,1,22,43,35,IN_TRANSIT
63.000000,0,11,6,1,IN_TRANSIT
63.000000,0,12,8,15,IN_TRANSIT
63.000000,1,17,47,40,IN_TRANSIT
63.000000,1,18,33,27,IN_TRANSIT
63.000000,1,22,43,35,ARRIVED
64.000000,0,11,6,1,IN_TRANSIT
64.000000,0,12,8,15,IN_TRANSIT
64.000000,1,17,47,40,ARRIVED
64.000000,1,18,33,27,ARRIVED
65.000000,0,3,1,5,IN_TRANSIT
65.000000,0,11,6,1,IN_TRANSIT
65.000000,0,12,8,15,ARRIVED
66.000000,1,15,41,42,RDY_TO_MOVE
66.000000,0,3,1,5,IN_TRANSIT
66.000000,0,10,5,6,IN_TRANSIT
66.000000,0,11,6,1,ARRIVED
67.000000,0,3,1,5,ARRIVED
67.000000,0,10,5,6,IN_TRANSIT
67.000000,1,15,41,42,IN_TRANSIT
68.000000,0,10,5,6,IN_TRANSIT
68.000000,1,15,41,42,IN_TRANSIT
69.000000,1,14,47,51,RDY_TO_MOVE
69.000000,0,2,25,26,IN_TRANSIT
69.000000,0,6,13,6,IN_TRANSIT
69.000000,0,10,5,6,ARRIVED
69.000000,1,15,41,42,IN_TRANSIT
70.000000,1,18,27,26,RDY_TO_MOVE
70.000000,0,2,25,26,ARRIVED
70.000000,0,6,13,6,IN_TRANSIT
70.000000,1,14,47,51,IN_TRANSIT
70.000000,1,15,41,42,ARRIVED
71.000000,0,4,1,5,IN_TRANSIT
71.000000,0,6,13,6,IN_TRANSIT
71.000000,1,14,47,51,ARRIVED
71.000000,1,18,27,26,IN_TRANSIT
72.000000,1,22,35,42,RDY_TO_MOVE
72.000000,1,21,47,40,RDY_TO_MOVE
72.000000,1,15,42,50,RDY_TO_MOVE
72.000000,0,4,1,5,IN_TRANSIT
72.000000,0,6,13,6,ARRIVED
72.000000,0,7,5,12,IN_TRANSIT
72.000000,1,18,27,26,IN_TRANSIT
73.000000,1,17,40,47,RDY_TO_MOVE
73.000000,0,4,1,5,ARRIVED
73.000000,0,5,5,12,IN_TRANSIT
73.000000,0,7,5,12,IN_TRANSIT
73.000000,0,10,6,1,IN_TRANSIT
73.000000,1,15,42,50,IN_TRANSIT
73.000000,1,18,27,26,ARRIVED
73.000000,1,21,47,40,IN_TRANSIT
73.000000,1,22,35,42,IN_TRANSIT
74.000000,0,5,5,12,IN_TRANSIT
74.000000,0,7,5,12,ARRIVED
74.000000,0,10,6,1,IN_TRANSIT
74.000000,1,15,42,50,IN_TRANSIT
74.000000,1,17,40,47,IN_TRANSIT
74.000000,1,21,47,40,IN_TRANSIT
74.000000,1,22,35,42,IN_TRANSIT
75.000000,0,5,5,12,ARRIVED
75.000000,0,8,1,6,IN_TRANSIT
75.000000,0,10,6,1,IN_TRANSIT
75.000000,1,15,42,50,IN_TRANSIT
75.000000,1,17,40,47,IN_TRANSIT
75.000000,1,21,47,40,ARRIVED
75.000000,1,22,35,42,IN_TRANSIT
76.000000,1,16,50,43,RDY_TO_MOVE
76.000000,0,8,1,6,IN_TRANSIT
76.000000,0,10,6,1,ARRIVED
76.000000,1,15,42,50,ARRIVED
76.000000,1,17,40,47,IN_TRANSIT
76.000000,1,22,35,42,ARRIVED
77.000000,1,21,40,32,RDY_TO_MOVE
77.000000,0,7,12,18,IN_TRANSIT
77.000000,0,8,1,6,ARRIVED
77.000000,1,16,50,43,IN_TRANSIT
77.000000,1,17,40,47,ARRIVED
78.000000,0,5,12,13,IN_TRANSIT
78.000000,0,7,12,18,IN_TRANSIT
78.000000,1,16,50,43,IN_TRANSIT
78.000000,1,21,40,32,IN_TRANSIT
79.000000,1,24,51,47,RDY_TO_MOVE
79.000000,0,5,12,13,IN_TRANSIT
79.000000,0,7,12,18,ARRIVED
79.000000,1,16,50,43,ARRIVED
79.000000,1,21,40,32,IN_TRANSIT
80.000000,0,5,12,13,IN_TRANSIT
80.000000,0,9,21,14,IN_TRANSIT
80.000000,1,21,40,32,ARRIVED
80.000000,1,24,51,47,IN_TRANSIT
81.000000,0,5,12,13,ARRIVED
81.000000,0,9,21,14,IN_TRANSIT
81.000000,0,10,1,6,IN_TRANSIT
81.000000,1,24,51,47,IN_TRANSIT
82.000000,0,1,13,14,IN_TRANSIT
82.000000,0,6,6,12,IN_TRANSIT
82.000000,0,9,21,14,IN_TRANSIT
82.000000,0,10,1,6,IN_TRANSIT
82.000000,1,24,51,47,ARRIVED
83.000000,1,18,26,19,RDY_TO_MOVE
83.000000,0,1,13,14,ARRIVED
83.000000,0,6,6,12,IN_TRANSIT
83.000000,0,9,21,14,ARRIVED
83.000000,0,10,1,6,ARRIVED
83.000000,0,12,15,14,IN_TRANSIT
84.000000,1,14,51,47,RDY_TO_MOVE
84.000000,0,6,6,12,ARRIVED
84.000000,0,8,6,14,IN_TRANSIT
84.000000,0,12,15,14,IN_TRANSIT
84.000000,1,18,26,19,IN_TRANSIT
85.000000,1,22,42,43,RDY_TO_MOVE
85.000000,0,8,6,14,IN_TRANSIT
85.000000,0,12,15,14,ARRIVED
85.000000,1,14,51,47,IN_TRANSIT
85.000000,1,18,26,19,IN_TRANSIT
86.000000,1,15,50,43,RDY_TO_MOVE
86.000000,1,21,32,38,RDY_TO_MOVE
86.000000,0,8,6,14,ARRIVED
86.000000,1,14,51,47,ARRIVED
86.000000,1,18,26,19,ARRIVED
86.000000,1,22,42,43,IN_TRANSIT
87.000000,1,20,47,51,RDY_TO_MOVE
87.000000,1,15,50,43,IN_TRANSIT
87.000000,1,21,32,38,IN_TRANSIT
87.000000,1,22,42,43,IN_TRANSIT
88.000000,1,15,50,43,IN_TRANSIT
88.000000,1,20,47,51,IN_TRANSIT
88.000000,1,21,32,38,IN_TRANSIT
88.000000,1,22,42,43,IN_TRANSIT
89.000000,0,10,6,14,IN_TRANSIT
89.000000,1,15,50,43,ARRIVED
89.000000,1,20,47,51,IN_TRANSIT
89.000000,1,21,32,38,IN_TRANSIT
89.000000,1,22,42,43,ARRIVED
90.000000,1,24,47,41,RDY_TO_MOVE
90.000000,0,6,12,6,IN_TRANSIT
90.000000,0,10,6,14,IN_TRANSIT
90.000000,1,20,47,51,IN_TRANSIT
90.000000,1,21,32,38,ARRIVED
91.000000,1,15,43,42,RDY_TO_MOVE
91.000000,0,2,26,33,IN_TRANSIT
91.000000,0,6,12,6,IN_TRANSIT
91.000000,0,10,6,14,ARRIVED
91.000000,0,12,14,22,IN_TRANSIT
91.000000,1,20,47,51,ARRIVED
91.000000,1,24,47,41,IN_TRANSIT
92.000000,1,22,43,36,RDY_TO_MOVE
92.000000,0,2,26,33,ARRIVED
92.000000,0,6,12,6,IN_TRANSIT
92.000000,0,12,14,22,IN_TRANSIT
92.000000,1,15,43,42,IN_TRANSIT
92.000000,1,24,47,41,IN_TRANSIT
93.000000,1,21,38,30,RDY_TO_MOVE
93.000000,0,6,12,6,ARRIVED
93.000000,0,10,14,21,IN_TRANSIT
93.000000,0,12,14,22,ARRIVED
93.000000,1,15,43,42,IN_TRANSIT
93.000000,1,22,43,36,IN_TRANSIT
93.000000,1,24,47,41,ARRIVED
94.000000,1,19,48,40,RDY_TO_MOVE
94.000000,1,14,47,48,RDY_TO_MOVE
94.000000,0,2,33,26,IN_TRANSIT
94.000000,0,3,5,6,IN_TRANSIT
94.000000,0,10,14,21,IN_TRANSIT
94.000000,1,15,43,42,ARRIVED
94.000000,1,21,38,30,IN_TRANSIT
94.000000,1,22,43,36,IN_TRANSIT
95.000000,0,2,33,26,ARRIVED
95.000000,0,3,5,6,IN_TRANSIT
95.000000,0,8,14,15,IN_TRANSIT
95.000000,0,10,14,21,ARRIVED
95.000000,0,12,22,14,IN_TRANSIT
95.000000,1,14,47,48,IN_TRANSIT
95.000000,1,19,48,40,IN_TRANSIT
95.000000,1,21,38,30,IN_TRANSIT
95.000000,1,22,43,36,ARRIVED
96.000000,1,20,51,48,RDY_TO_MOVE
96.000000,1,18,19,27,RDY_TO_MOVE
96.000000,0,3,5,6,IN_TRANSIT
96.000000,0,8,14,15,IN_TRANSIT
96.000000,0,12,22,14,IN_TRANSIT
96.000000,1,14,47,48,ARRIVED
96.000000,1,19,48,40,IN_TRANSIT
96.000000,1,21,38,30,IN_TRANSIT
97.000000,0,3,5,6,ARRIVED
97.000000,0,8,14,15,IN_TRANSIT
97.000000,0,12,22,14,IN_TRANSIT
97.000000,1,18,19,27,IN_TRANSIT
97.000000,1,19,48,40,ARRIVED
97.000000,1,20,51,48,IN_TRANSIT
97.000000,1,21,38,30,ARRIVED
98.000000,1,14,48,41,RDY_TO_MOVE
98.000000,0,8,14,15,ARRIVED
98.000000,0,12,22,14,ARRIVED
98.000000,1,18,19,27,IN_TRANSIT
98.000000,1,20,51,48,IN_TRANSIT
99.000000,1,22,36,35,RDY_TO_MOVE
99.000000,0,2,26,25,IN_TRANSIT
99.000000,0,7,18,12,IN_TRANSIT
99.000000,1,14,48,41,IN_TRANSIT
99.000000,1,18,19,27,ARRIVED
99.000000,1,20,51,48,ARRIVED
100.000000,1,20,48,40,RDY_TO_MOVE
100.000000,1,17,47,48,RDY_TO_MOVE
100.000000,1,24,41,42,RDY_TO_MOVE
100.000000,1,16,43,36,RDY_TO_MOVE
100.000000,0,2,26,25,ARRIVED
100.000000,0,7,18,12,IN_TRANSIT
100.000000,1,14,48,41,ARRIVED
100.000000,1,22,36,35,IN_TRANSIT
101.000000,0,7,18,12,IN_TRANSIT
101.000000,0,10,21,27,IN_TRANSIT
101.000000,1,16,43,36,IN_TRANSIT
101.000000,1,17,47,48,IN_TRANSIT
101.000000,1,20,48,40,IN_TRANSIT
101.000000,1,22,36,35,IN_TRANSIT
101.000000,1,24,41,42,IN_TRANSIT
102.000000,1,19,40,32,RDY_TO_MOVE
102.000000,0,7,18,12,ARRIVED
102.000000,0,10,21,27,IN_TRANSIT
102.000000,1,16,43,36,IN_TRANSIT
102.000000,1,17,47,48,IN_TRANSIT
102.000000,1,20,48,40,IN_TRANSIT
102.000000,1,22,36,35,ARRIVED
102.000000,1,24,41,42,IN_TRANSIT
103.000000,0,10,21,27,ARRIVED
103.000000,1,16,43,36,ARRIVED
103.000000,1,17,47,48,IN_TRANSIT
103.000000,1,19,40,32,IN_TRANSIT
103.000000,1,20,48,40,ARRIVED
103.000000,1,24,41,42,IN_TRANSIT
104.000000,1,20,40,48,RDY_TO_MOVE
104.000000,0,4,5,1,IN_TRANSIT
104.000000,1,17,47,48,ARRIVED
104.000000,1,19,40,32,IN_TRANSIT
104.000000,1,24,41,42,ARRIVED
105.000000,0,4,5,1,IN_TRANSIT
105.000000,1,19,40,32,ARRIVED
105.000000,1,20,40,48,IN_TRANSIT
106.000000,1,18,27,19,RDY_TO_MOVE
106.000000,1,16,36,35,RDY_TO_MOVE
106.000000,0,3,6,14,IN_TRANSIT
106.000000,0,4,5,1,IN_TRANSIT
106.000000,1,20,40,48,IN_TRANSIT
107.000000,0,3,6,14,IN_TRANSIT
107.000000,0,4,5,1,ARRIVED
107.000000,1,16,36,35,IN_TRANSIT
107.000000,1,18,27,19,IN_TRANSIT
107.000000,1,20,40,48,IN_TRANSIT
108.000000,0,1,14,22,IN_TRANSIT
108.000000,0,3,6,14,ARRIVED
108.000000,1,16,36,35,IN_TRANSIT
108.000000,1,18,27,19,IN_TRANSIT
108.000000,1,20,40,48,ARRIVED
109.000000,1,13,32,26,RDY_TO_MOVE
109.000000,0,1,14,22,ARRIVED
109.000000,1,16,36,35,ARRIVED
109.000000,1,18,27,19,ARRIVED
110.000000,1,19,32,26,RDY_TO_MOVE
110.000000,1,15,42,36,RDY_TO_MOVE
110.000000,1,13,32,26,IN_TRANSIT
111.000000,1,13,32,26,ARRIVED
111.000000,1,15,42,36,IN_TRANSIT
111.000000,1,19,32,26,IN_TRANSIT
112.000000,0,5,13,21,IN_TRANSIT
112.000000,1,15,42,36,IN_TRANSIT
112.000000,1,19,32,26,IN_TRANSIT
113.000000,1,14,41,40,RDY_TO_MOVE
113.000000,0,5,13,21,IN_TRANSIT
113.000000,1,15,42,36,ARRIVED
113.000000,1,19,32,26,ARRIVED
114.000000,1,13,26,33,RDY_TO_MOVE
114.000000,1,23,51,47,RDY_TO_MOVE
114.000000,0,5,13,21,ARRIVED
114.000000,1,14,41,40,IN_TRANSIT
115.000000,1,24,42,41,RDY_TO_MOVE
115.000000,0,4,1,6,IN_TRANSIT
115.000000,1,13,26,33,IN_TRANSIT
115.000000,1,14,41,40,ARRIVED
115.000000,1,23,51,47,IN_TRANSIT
116.000000,0,4,1,6,IN_TRANSIT
116.000000,0,6,6,12,IN_TRANSIT
116.000000,0,9,14,8,IN_TRANSIT
116.000000,1,13,26,33,ARRIVED
116.000000,1,23,51,47,IN_TRANSIT
116.000000,1,24,42,41,IN_TRANSIT
117.000000,0,1,22,21,IN_TRANSIT
117.000000,0,4,1,6,ARRIVED
117.000000,0,6,6,12,IN_TRANSIT
117.000000,0,7,12,13,IN_TRANSIT
117.000000,0,9,14,8,IN_TRANSIT
117.000000,1,23,51,47,ARRIVED
117.000000,1,24,42,41,IN_TRANSIT
118.000000,1,17,48,41,RDY_TO_MOVE
118.000000,0,1,22,21,ARRIVED
118.000000,0,6,6,12,ARRIVED
118.000000,0,7,12,13,IN_TRANSIT
118.000000,0,9,14,8,IN_TRANSIT
118.000000,0,10,27,21,IN_TRANSIT
118.000000,1,24,42,41,ARRIVED
119.000000,0,7,12,13,IN_TRANSIT
119.000000,0,9,14,8,ARRIVED
119.000000,0,10,27,21,IN_TRANSIT
119.000000,1,17,48,41,IN_TRANSIT
120.000000,0,6,12,18,IN_TRANSIT
120.000000,0,7,12,13,ARRIVED
120.000000,0,10,27,21,ARRIVED
120.000000,1,17,48,41,IN_TRANSIT
121.000000,1,13,33,27,RDY_TO_MOVE
121.000000,0,1,21,14,IN_TRANSIT
121.000000,0,6,12,18,IN_TRANSIT
121.000000,1,17,48,41,ARRIVED
122.000000,1,19,26,19,RDY_TO_MOVE
122.000000,1,16,35,27,RDY_TO_MOVE
122.000000,0,1,21,14,ARRIVED
122.000000,0,6,12,18,ARRIVED
122.000000,1,13,33,27,IN_TRANSIT
123.000000,1,24,41,42,RDY_TO_MOVE
123.000000,0,8,15,14,IN_TRANSIT
123.000000,0,11,1,6,IN_TRANSIT
123.000000,1,13,33,27,ARRIVED
123.000000,1,16,35,27,IN_TRANSIT
123.000000,1,19,26,19,IN_TRANSIT
124.000000,1,18,19,25,RDY_TO_MOVE
124.000000,0,8,15,14,IN_TRANSIT
124.000000,0,11,1,6,IN_TRANSIT
124.000000,1,16,35,27,IN_TRANSIT
124.000000,1,19,26,19,IN_TRANSIT
124.000000,1,24,41,42,IN_TRANSIT
125.000000,1,20,48,47,RDY_TO_MOVE
125.000000,0,4,6,13,IN_TRANSIT
125.000000,0,8,15,14,ARRIVED
125.000000,0,11,1,6,ARRIVED
125.000000,1,16,35,27,ARRIVED
125.000000,1,18,19,25,IN_TRANSIT
125.000000,1,19,26,19,ARRIVED
125.000000,1,24,41,42,IN_TRANSIT
126.000000,1,17,41,40,RDY_TO_MOVE
126.000000,1,14,40,33,RDY_TO_MOVE
126.000000,0,4,6,13,IN_TRANSIT
126.000000,1,18,19,25,IN_TRANSIT
126.000000,1,20,48,47,IN_TRANSIT
126.000000,1,24,41,42,IN_TRANSIT
127.000000,0,4,6,13,ARRIVED
127.000000,1,14,40,33,IN_TRANSIT
127.000000,1,17,41,40,IN_TRANSIT
127.000000,1,18,19,25,ARRIVED
127.000000,1,20,48,47,IN_TRANSIT
127.000000,1,24,41,42,ARRIVED
128.000000,1,14,40,33,ARRIVED
128.000000,1,17,41,40,IN_TRANSIT
128.000000,1,20,48,47,ARRIVED
129.000000,0,7,13,5,IN_TRANSIT
129.000000,1,17,41,40,ARRIVED
130.000000,1,21,30,38,RDY_TO_MOVE
130.000000,0,3,14,22,IN_TRANSIT
130.000000,0,6,18,26,IN_TRANSIT
130.000000,0,7,13,5,IN_TRANSIT
131.000000,1,17,40,47,RDY_TO_MOVE
131.000000,0,3,14,22,IN_TRANSIT
131.000000,0,6,18,26,IN_TRANSIT
131.000000,0,7,13,5,IN_TRANSIT
131.000000,0,10,21,22,IN_TRANSIT
131.000000,0,12,14,15,IN_TRANSIT
131.000000,1,21,30,38,IN_TRANSIT
132.000000,0,3,14,22,ARRIVED
132.000000,0,5,21,14,IN_TRANSIT
132.000000,0,6,18,26,ARRIVED
132.000000,0,7,13,5,ARRIVED
132.000000,0,10,21,22,IN_TRANSIT
132.000000,0,12,14,15,IN_TRANSIT
132.000000,1,17,40,47,IN_TRANSIT
132.000000,1,21,30,38,IN_TRANSIT
133.000000,1,16,27,33,RDY_TO_MOVE
133.000000,1,20,47,41,RDY_TO_MOVE
133.000000,0,5,21,14,IN_TRANSIT
133.000000,0,10,21,22,IN_TRANSIT
133.000000,0,12,14,15,IN_TRANSIT
133.000000,1,17,40,47,IN_TRANSIT
133.000000,1,21,30,38,ARRIVED
134.000000,1,13,27,26,RDY_TO_MOVE
134.000000,0,5,21,14,IN_TRANSIT
134.000000,0,7,5,12,IN_TRANSIT
134.000000,0,10,21,22,ARRIVED
134.000000,0,12,14,15,ARRIVED
134.000000,1,16,27,33,IN_TRANSIT
134.000000,1,17,40,47,IN_TRANSIT
134.000000,1,20,47,41,IN_TRANSIT
135.000000,0,5,21,14,ARRIVED
135.000000,0,7,5,12,IN_TRANSIT
135.000000,0,9,8,14,IN_TRANSIT
135.000000,1,13,27,26,IN_TRANSIT
135.000000,1,16,27,33,IN_TRANSIT
135.000000,1,17,40,47,ARRIVED
135.000000,1,20,47,41,IN_TRANSIT
136.000000,0,7,5,12,ARRIVED
136.000000,0,9,8,14,IN_TRANSIT
136.000000,1,13,27,26,ARRIVED
136.000000,1,16,27,33,ARRIVED
136.000000,1,20,47,41,ARRIVED
137.000000,1,20,41,47,RDY_TO_MOVE
137.000000,0,4,13,12,IN_TRANSIT
137.000000,0,5,14,21,IN_TRANSIT
137.000000,0,9,8,14,ARRIVED
138.000000,1,23,47,41,RDY_TO_MOVE
138.000000,0,4,13,12,IN_TRANSIT
138.000000,0,5,14,21,IN_TRANSIT
138.000000,0,12,15,8,IN_TRANSIT
138.000000,1,20,41,47,IN_TRANSIT
139.000000,1,14,33,25,RDY_TO_MOVE
139.000000,0,4,13,12,ARRIVED
139.000000,0,5,14,21,ARRIVED
139.000000,0,7,12,13,IN_TRANSIT
139.000000,0,12,15,8,IN_TRANSIT
139.000000,1,20,41,47,IN_TRANSIT
139.000000,1,23,47,41,IN_TRANSIT
140.000000,1,22,35,42,RDY_TO_MOVE
140.000000,0,7,12,13,IN_TRANSIT
140.000000,0,9,14,8,IN_TRANSIT
140.000000,0,12,15,8,IN_TRANSIT
140.000000,1,14,33,25,IN_TRANSIT
140.000000,1,20,41,47,IN_TRANSIT
140.000000,1,23,47,41,IN_TRANSIT
141.000000,1,17,47,48,RDY_TO_MOVE
141.000000,0,7,12,13,IN_TRANSIT
141.000000,0,8,14,21,IN_TRANSIT
141.000000,0,9,14,8,IN_TRANSIT
141.000000,0,12,15,8,ARRIVED
141.000000,1,14,33,25,ARRIVED
141.000000,1,20,41,47,ARRIVED
141.000000,1,22,35,42,IN_TRANSIT
141.000000,1,23,47,41,ARRIVED
142.000000,0,7,12,13,ARRIVED
142.000000,0,8,14,21,IN_TRANSIT
142.000000,0,9,14,8,IN_TRANSIT
142.000000,1,17,47,48,IN_TRANSIT
142.000000,1,22,35,42,IN_TRANSIT
143.000000,0,8,14,21,ARRIVED
143.000000,0,9,14,8,ARRIVED
143.000000,1,17,47,48,IN_TRANSIT
143.000000,1,22,35,42,IN_TRANSIT
144.000000,1,19,19,27,RDY_TO_MOVE
144.000000,0,1,14,13,IN_TRANSIT
144.000000,1,17,47,48,IN_TRANSIT
144.000000,1,22,35,42,ARRIVED
145.000000,1,23,41,48,RDY_TO_MOVE
145.000000,0,1,14,13,ARRIVED
145.000000,1,17,47,48,ARRIVED
145.000000,1,19,19,27,IN_TRANSIT
146.000000,1,19,19,27,IN_TRANSIT
146.000000,1,23,41,48,IN_TRANSIT
147.000000,0,3,22,14,IN_TRANSIT
147.000000,0,9,8,15,IN_TRANSIT
147.000000,1,19,19,27,ARRIVED
147.000000,1,23,41,48,IN_TRANSIT
148.000000,1,13,26,19,RDY_TO_MOVE
148.000000,0,3,22,14,IN_TRANSIT
148.000000,0,7,13,12,IN_TRANSIT
148.000000,0,9,8,15,IN_TRANSIT
148.000000,0,12,8,14,IN_TRANSIT
148.000000,1,23,41,48,IN_TRANSIT
149.000000,0,3,22,14,IN_TRANSIT
149.000000,0,6,26,25,IN_TRANSIT
149.000000,0,7,13,12,IN_TRANSIT
149.000000,0,9,8,15,ARRIVED
149.000000,0,12,8,14,IN_TRANSIT
149.000000,1,13,26,19,IN_TRANSIT
149.000000,1,23,41,48,ARRIVED
150.000000,1,19,27,19,RDY_TO_MOVE
150.000000,1,24,42,43,RDY_TO_MOVE
150.000000,1,17,48,40,RDY_TO_MOVE
150.000000,0,3,22,14,ARRIVED
150.000000,0,6,26,25,IN_TRANSIT
150.000000,0,7,13,12,ARRIVED
150.000000,0,12,8,14,ARRIVED
150.000000,1,13,26,19,ARRIVED
