0,node,faction,controlvalue,controlled
11.000000,5,0,8.000000,false
11.000000,47,1,8.000000,false
12.000000,5,0,16.000000,false
12.000000,47,1,24.000000,false
13.000000,5,0,24.000000,false
13.000000,47,1,40.000000,false
14.000000,5,0,32.000000,false
14.000000,47,1,64.000000,false
15.000000,5,0,40.000000,false
15.000000,47,1,104.000000,true
16.000000,5,0,48.000000,false
17.000000,5,0,56.000000,false
18.000000,5,0,72.000000,false
19.000000,5,0,88.000000,false
19.000000,40,1,8.000000,false
20.000000,5,0,104.000000,true
20.000000,40,1,16.000000,false
21.000000,40,1,24.000000,false
22.000000,40,1,32.000000,false
23.000000,40,1,40.000000,false
24.000000,40,1,48.000000,false
25.000000,40,1,56.000000,false
26.000000,40,1,64.000000,false
26.000000,41,1,12.000000,false
27.000000,40,1,72.000000,false
27.000000,41,1,24.000000,false
28.000000,40,1,80.000000,false
28.000000,41,1,36.000000,false
29.000000,40,1,88.000000,false
29.000000,41,1,56.000000,false
30.000000,40,1,104.000000,true
30.000000,41,1,76.000000,false
31.000000,41,1,96.000000,false
32.000000,41,1,116.000000,true
42.000000,42,1,8.000000,false
43.000000,42,1,16.000000,false
45.000000,13,0,12.000000,false
46.000000,13,0,24.000000,false
47.000000,13,0,44.000000,false
47.000000,36,1,8.000000,false
47.000000,42,1,28.000000,false
48.000000,13,0,52.000000,false
48.000000,33,1,8.000000,false
48.000000,36,1,16.000000,false
48.000000,42,1,40.000000,false
49.000000,13,0,60.000000,false
49.000000,33,1,16.000000,false
49.000000,36,1,24.000000,false
49.000000,42,1,52.000000,false
50.000000,13,0,68.000000,false
50.000000,33,1,24.000000,false
50.000000,36,1,32.000000,false
50.000000,42,1,64.000000,false
51.000000,13,0,76.000000,false
51.000000,33,1,32.000000,false
51.000000,36,1,40.000000,false
51.000000,42,1,76.000000,false
52.000000,13,0,84.000000,false
52.000000,14,0,12.000000,false
52.000000,33,1,40.000000,false
52.000000,36,1,48.000000,false
52.000000,42,1,88.000000,false
53.000000,13,0,92.000000,false
53.000000,14,0,24.000000,false
53.000000,33,1,48.000000,false
53.000000,36,1,56.000000,false
53.000000,42,1,100.000000,true
54.000000,13,0,100.000000,true
54.000000,14,0,36.000000,false
54.000000,33,1,56.000000,false
54.000000,36,1,64.000000,false
55.000000,14,0,48.000000,false
55.000000,33,1,72.000000,false
56.000000,14,0,60.000000,false
56.000000,33,1,88.000000,false
57.000000,14,0,72.000000,false
57.000000,33,1,96.000000,false
58.000000,14,0,84.000000,false
58.000000,33,1,104.000000,true
59.000000,14,0,96.000000,false
60.000000,14,0,108.000000,true
61.000000,12,0,8.000000,false
62.000000,12,0,16.000000,false
63.000000,12,0,24.000000,false
64.000000,12,0,32.000000,false
65.000000,12,0,40.000000,false
66.000000,12,0,48.000000,false
67.000000,8,0,12.000000,false
67.000000,12,0,56.000000,false
68.000000,8,0,24.000000,false
68.000000,21,0,8.000000,false
69.000000,8,0,36.000000,false
69.000000,21,0,16.000000,false
70.000000,8,0,48.000000,false
70.000000,21,0,24.000000,false
71.000000,8,0,60.000000,false
71.000000,21,0,32.000000,false
71.000000,35,1,8.000000,false
72.000000,8,0,72.000000,false
72.000000,21,0,40.000000,false
72.000000,35,1,16.000000,false
73.000000,8,0,84.000000,false
73.000000,12,0,64.000000,false
73.000000,21,0,48.000000,false
73.000000,35,1,24.000000,false
74.000000,8,0,96.000000,false
74.000000,12,0,72.000000,false
74.000000,21,0,56.000000,false
74.000000,35,1,32.000000,false
75.000000,8,0,108.000000,true
75.000000,12,0,80.000000,false
75.000000,21,0,64.000000,false
75.000000,35,1,44.000000,false
76.000000,12,0,88.000000,false
76.000000,21,0,72.000000,false
76.000000,35,1,56.000000,false
77.000000,12,0,104.000000,true
77.000000,21,0,80.000000,false
77.000000,35,1,68.000000,false
78.000000,21,0,88.000000,false
78.000000,27,1,8.000000,false
78.000000,35,1,80.000000,false
79.000000,21,0,96.000000,false
79.000000,27,1,16.000000,false
80.000000,21,0,104.000000,true
80.000000,27,1,24.000000,false
81.000000,27,1,32.000000,false
82.000000,27,1,40.000000,false
83.000000,27,1,48.000000,false
83.000000,43,1,12.000000,false
84.000000,19,0,8.000000,false
84.000000,27,1,56.000000,false
84.000000,43,1,24.000000,false
85.000000,19,0,16.000000,false
85.000000,27,1,64.000000,false
85.000000,43,1,36.000000,false
86.000000,15,0,8.000000,false
86.000000,19,0,24.000000,false
86.000000,43,1,48.000000,false
87.000000,15,0,16.000000,false
87.000000,19,0,32.000000,false
87.000000,43,1,60.000000,false
88.000000,15,0,24.000000,false
88.000000,19,0,40.000000,false
88.000000,43,1,72.000000,false
89.000000,15,0,32.000000,false
89.000000,19,0,48.000000,false
89.000000,35,1,88.000000,false
89.000000,43,1,84.000000,false
90.000000,15,0,40.000000,false
90.000000,19,0,56.000000,false
90.000000,35,1,96.000000,false
90.000000,43,1,96.000000,false
91.000000,15,0,48.000000,false
91.000000,19,0,64.000000,false
91.000000,35,1,104.000000,true
91.000000,43,1,108.000000,true
92.000000,15,0,56.000000,false
92.000000,19,0,72.000000,false
93.000000,15,0,64.000000,false
93.000000,19,0,80.000000,false
94.000000,15,0,72.000000,false
94.000000,19,0,88.000000,false
95.000000,15,0,80.000000,false
95.000000,19,0,96.000000,false
95.000000,22,0,8.000000,false
95.000000,36,1,76.000000,false
96.000000,15,0,88.000000,false
96.000000,19,0,104.000000,true
96.000000,22,0,16.000000,false
96.000000,36,1,88.000000,false
97.000000,15,0,96.000000,false
97.000000,22,0,24.000000,false
97.000000,36,1,100.000000,true
98.000000,15,0,104.000000,true
98.000000,22,0,32.000000,false
99.000000,22,0,40.000000,false
100.000000,22,0,48.000000,false
100.000000,27,1,72.000000,false
101.000000,22,0,56.000000,false
101.000000,27,1,80.000000,false
102.000000,22,0,64.000000,false
102.000000,27,1,88.000000,false
103.000000,22,0,72.000000,false
104.000000,22,0,80.000000,false
105.000000,22,0,88.000000,false
106.000000,22,0,96.000000,false
117.000000,27,0,80.000000,false
117.000000,50,1,12.000000,false
118.000000,27,0,72.000000,false
118.000000,50,1,24.000000,false
119.000000,22,0,104.000000,true
119.000000,27,0,64.000000,false
119.000000,50,1,36.000000,false
120.000000,27,0,56.000000,false
120.000000,50,1,48.000000,false
121.000000,27,0,48.000000,false
121.000000,50,1,60.000000,false
122.000000,50,1,72.000000,false
123.000000,50,1,84.000000,false
124.000000,50,1,96.000000,false
125.000000,50,1,108.000000,true
