0,player,group,start,destination,status
2.000000,0,10,1,5,IN_TRANSIT
3.000000,0,10,1,5,IN_TRANSIT
4.000000,0,10,1,5,ARRIVED
5.000000,1,23,51,47,RDY_TO_MOVE
6.000000,1,23,51,47,IN_TRANSIT
7.000000,1,23,51,47,IN_TRANSIT
8.000000,1,24,51,47,RDY_TO_MOVE
8.000000,0,9,1,5,IN_TRANSIT
8.000000,1,23,51,47,ARRIVED
9.000000,1,14,51,47,RDY_TO_MOVE
9.000000,1,23,47,51,RDY_TO_MOVE
9.000000,0,9,1,5,IN_TRANSIT
9.000000,1,24,51,47,IN_TRANSIT
10.000000,0,9,1,5,ARRIVED
10.000000,1,14,51,47,IN_TRANSIT
10.000000,1,23,47,51,IN_TRANSIT
10.000000,1,24,51,47,IN_TRANSIT
11.000000,1,14,51,47,ARRIVED
11.000000,1,23,47,51,IN_TRANSIT
11.000000,1,24,51,47,ARRIVED
12.000000,0,8,1,5,IN_TRANSIT
12.000000,1,23,47,51,IN_TRANSIT
13.000000,0,8,1,5,IN_TRANSIT
13.000000,1,23,47,51,ARRIVED
14.000000,0,8,1,5,ARRIVED
14.000000,0,9,5,1,IN_TRANSIT
15.000000,0,9,5,1,IN_TRANSIT
16.000000,0,9,5,1,IN_TRANSIT
17.000000,1,20,51,47,RDY_TO_MOVE
17.000000,0,9,5,1,ARRIVED
18.000000,1,20,51,47,IN_TRANSIT
19.000000,1,20,51,47,IN_TRANSIT
20.000000,0,1,1,5,IN_TRANSIT
20.000000,1,20,51,47,ARRIVED
21.000000,0,1,1,5,ARRIVED
23.000000,1,24,47,51,RDY_TO_MOVE
24.000000,0,8,5,12,IN_TRANSIT
24.000000,1,24,47,51,IN_TRANSIT
25.000000,1,13,51,47,RDY_TO_MOVE
25.000000,0,8,5,12,IN_TRANSIT
25.000000,1,24,47,51,IN_TRANSIT
26.000000,0,8,5,12,ARRIVED
26.000000,1,13,51,47,IN_TRANSIT
26.000000,1,24,47,51,IN_TRANSIT
27.000000,1,23,51,47,RDY_TO_MOVE
27.000000,1,13,51,47,ARRIVED
27.000000,1,24,47,51,ARRIVED
28.000000,1,23,51,47,IN_TRANSIT
29.000000,0,12,1,5,IN_TRANSIT
29.000000,1,23,51,47,IN_TRANSIT
30.000000,0,9,1,5,IN_TRANSIT
30.000000,0,10,5,11,IN_TRANSIT
30.000000,0,12,1,5,IN_TRANSIT
30.000000,1,23,51,47,ARRIVED
31.000000,1,15,51,47,RDY_TO_MOVE
31.000000,0,4,1,5,IN_TRANSIT
31.000000,0,9,1,5,IN_TRANSIT
31.000000,0,10,5,11,IN_TRANSIT
31.000000,0,12,1,5,ARRIVED
32.000000,0,4,1,5,IN_TRANSIT
32.000000,0,9,1,5,ARRIVED
32.000000,0,10,5,11,ARRIVED
32.000000,1,15,51,47,IN_TRANSIT
33.000000,1,13,47,40,RDY_TO_MOVE
33.000000,0,4,1,5,ARRIVED
33.000000,1,15,51,47,IN_TRANSIT
34.000000,1,13,47,40,IN_TRANSIT
34.000000,1,15,51,47,ARRIVED
35.000000,1,13,47,40,ARRIVED
36.000000,0,8,12,20,IN_TRANSIT
36.000000,0,10,11,5,IN_TRANSIT
37.000000,0,8,12,20,IN_TRANSIT
37.000000,0,10,11,5,IN_TRANSIT
38.000000,0,8,12,20,ARRIVED
38.000000,0,10,11,5,IN_TRANSIT
39.000000,1,14,47,39,RDY_TO_MOVE
39.000000,0,10,11,5,ARRIVED
40.000000,1,14,47,39,IN_TRANSIT
41.000000,1,14,47,39,ARRIVED
42.000000,0,3,1,5,IN_TRANSIT
42.000000,0,4,5,1,IN_TRANSIT
43.000000,0,3,1,5,IN_TRANSIT
43.000000,0,4,5,1,IN_TRANSIT
43.000000,0,10,5,11,IN_TRANSIT
44.000000,1,14,39,32,RDY_TO_MOVE
44.000000,0,1,5,12,IN_TRANSIT
44.000000,0,3,1,5,ARRIVED
44.000000,0,4,5,1,IN_TRANSIT
44.000000,0,9,5,11,IN_TRANSIT
44.000000,0,10,5,11,IN_TRANSIT
45.000000,0,1,5,12,ARRIVED
45.000000,0,4,5,1,ARRIVED
45.000000,0,9,5,11,IN_TRANSIT
45.000000,0,10,5,11,ARRIVED
45.000000,1,14,39,32,IN_TRANSIT
46.000000,0,9,5,11,ARRIVED
46.000000,1,14,39,32,ARRIVED
47.000000,1,15,47,40,RDY_TO_MOVE
48.000000,1,17,51,47,RDY_TO_MOVE
48.000000,1,15,47,40,IN_TRANSIT
49.000000,1,15,47,40,IN_TRANSIT
49.000000,1,17,51,47,IN_TRANSIT
50.000000,1,19,51,47,RDY_TO_MOVE
50.000000,1,14,32,39,RDY_TO_MOVE
50.000000,1,15,47,40,ARRIVED
50.000000,1,17,51,47,IN_TRANSIT
51.000000,1,23,47,51,RDY_TO_MOVE
51.000000,1,14,32,39,IN_TRANSIT
51.000000,1,17,51,47,ARRIVED
51.000000,1,19,51,47,IN_TRANSIT
52.000000,1,14,32,39,ARRIVED
52.000000,1,19,51,47,IN_TRANSIT
52.000000,1,23,47,51,IN_TRANSIT
53.000000,1,14,39,38,RDY_TO_MOVE
53.000000,1,19,51,47,ARRIVED
53.000000,1,23,47,51,IN_TRANSIT
54.000000,1,14,39,38,IN_TRANSIT
54.000000,1,23,47,51,IN_TRANSIT
55.000000,1,19,47,40,RDY_TO_MOVE
55.000000,1,14,39,38,ARRIVED
55.000000,1,23,47,51,ARRIVED
56.000000,0,8,20,21,IN_TRANSIT
56.000000,1,19,47,40,IN_TRANSIT
57.000000,0,8,20,21,IN_TRANSIT
57.000000,1,19,47,40,IN_TRANSIT
58.000000,1,20,47,51,RDY_TO_MOVE
58.000000,0,8,20,21,IN_TRANSIT
58.000000,1,19,47,40,ARRIVED
59.000000,0,3,5,11,IN_TRANSIT
59.000000,0,8,20,21,ARRIVED
59.000000,1,20,47,51,IN_TRANSIT
60.000000,0,3,5,11,IN_TRANSIT
60.000000,1,20,47,51,IN_TRANSIT
61.000000,0,1,12,11,IN_TRANSIT
61.000000,0,3,5,11,ARRIVED
61.000000,1,20,47,51,IN_TRANSIT
62.000000,1,15,40,47,RDY_TO_MOVE
62.000000,1,14,38,32,RDY_TO_MOVE
62.000000,1,13,40,39,RDY_TO_MOVE
62.000000,0,1,12,11,ARRIVED
62.000000,0,9,11,18,IN_TRANSIT
62.000000,1,20,47,51,ARRIVED
63.000000,0,9,11,18,IN_TRANSIT
63.000000,1,13,40,39,IN_TRANSIT
63.000000,1,14,38,32,IN_TRANSIT
63.000000,1,15,40,47,IN_TRANSIT
64.000000,0,9,11,18,ARRIVED
64.000000,1,13,40,39,ARRIVED
64.000000,1,14,38,32,ARRIVED
64.000000,1,15,40,47,IN_TRANSIT
65.000000,0,6,1,5,IN_TRANSIT
65.000000,1,15,40,47,IN_TRANSIT
66.000000,0,1,11,18,IN_TRANSIT
66.000000,0,6,1,5,IN_TRANSIT
66.000000,1,15,40,47,ARRIVED
67.000000,0,1,11,18,ARRIVED
67.000000,0,6,1,5,ARRIVED
69.000000,1,16,51,47,RDY_TO_MOVE
70.000000,0,9,18,11,IN_TRANSIT
70.000000,1,16,51,47,IN_TRANSIT
71.000000,0,9,18,11,IN_TRANSIT
71.000000,1,16,51,47,IN_TRANSIT
72.000000,0,9,18,11,IN_TRANSIT
72.000000,1,16,51,47,ARRIVED
73.000000,1,23,51,47,RDY_TO_MOVE
73.000000,1,14,32,25,RDY_TO_MOVE
73.000000,0,1,18,10,IN_TRANSIT
73.000000,0,8,21,14,IN_TRANSIT
73.000000,0,9,18,11,ARRIVED
74.000000,0,1,18,10,ARRIVED
74.000000,0,4,1,5,IN_TRANSIT
74.000000,0,8,21,14,IN_TRANSIT
74.000000,1,14,32,25,IN_TRANSIT
74.000000,1,23,51,47,IN_TRANSIT
75.000000,0,4,1,5,IN_TRANSIT
75.000000,0,8,21,14,IN_TRANSIT
75.000000,1,14,32,25,ARRIVED
75.000000,1,23,51,47,IN_TRANSIT
76.000000,0,1,10,16,IN_TRANSIT
76.000000,0,4,1,5,ARRIVED
76.000000,0,8,21,14,ARRIVED
76.000000,1,23,51,47,ARRIVED
77.000000,0,1,10,16,ARRIVED
78.000000,1,19,40,39,RDY_TO_MOVE
79.000000,0,10,11,10,IN_TRANSIT
79.000000,1,19,40,39,IN_TRANSIT
80.000000,0,10,11,10,IN_TRANSIT
80.000000,0,11,1,5,IN_TRANSIT
80.000000,1,19,40,39,IN_TRANSIT
81.000000,0,1,16,10,IN_TRANSIT
81.000000,0,10,11,10,IN_TRANSIT
81.000000,0,11,1,5,IN_TRANSIT
81.000000,1,19,40,39,ARRIVED
82.000000,0,1,16,10,ARRIVED
82.000000,0,10,11,10,ARRIVED
82.000000,0,11,1,5,ARRIVED
84.000000,1,14,25,26,RDY_TO_MOVE
84.000000,0,9,11,12,IN_TRANSIT
84.000000,0,10,10,18,IN_TRANSIT
85.000000,0,4,5,1,IN_TRANSIT
85.000000,0,9,11,12,IN_TRANSIT
85.000000,0,10,10,18,IN_TRANSIT
85.000000,1,14,25,26,IN_TRANSIT
86.000000,0,4,5,1,IN_TRANSIT
86.000000,0,9,11,12,ARRIVED
86.000000,0,10,10,18,ARRIVED
86.000000,1,14,25,26,ARRIVED
87.000000,1,20,51,47,RDY_TO_MOVE
87.000000,0,4,5,1,IN_TRANSIT
88.000000,1,15,47,51,RDY_TO_MOVE
88.000000,0,4,5,1,ARRIVED
88.000000,1,20,51,47,IN_TRANSIT
89.000000,1,16,47,40,RDY_TO_MOVE
89.000000,1,15,47,51,IN_TRANSIT
89.000000,1,20,51,47,IN_TRANSIT
90.000000,1,17,47,40,RDY_TO_MOVE
90.000000,0,1,10,11,IN_TRANSIT
90.000000,0,8,14,8,IN_TRANSIT
90.000000,1,15,47,51,IN_TRANSIT
90.000000,1,16,47,40,IN_TRANSIT
90.000000,1,20,51,47,ARRIVED
91.000000,0,1,10,11,ARRIVED
91.000000,0,8,14,8,IN_TRANSIT
91.000000,1,15,47,51,IN_TRANSIT
91.000000,1,16,47,40,IN_TRANSIT
91.000000,1,17,47,40,IN_TRANSIT
92.000000,1,23,47,39,RDY_TO_MOVE
92.000000,0,8,14,8,IN_TRANSIT
92.000000,1,15,47,51,ARRIVED
92.000000,1,16,47,40,ARRIVED
92.000000,1,17,47,40,IN_TRANSIT
93.000000,1,19,39,40,RDY_TO_MOVE
93.000000,0,8,14,8,ARRIVED
93.000000,1,17,47,40,ARRIVED
93.000000,1,23,47,39,IN_TRANSIT
94.000000,1,17,40,39,RDY_TO_MOVE
94.000000,1,19,39,40,IN_TRANSIT
94.000000,1,23,47,39,IN_TRANSIT
95.000000,1,21,51,47,RDY_TO_MOVE
95.000000,0,9,12,18,IN_TRANSIT
95.000000,1,17,40,39,IN_TRANSIT
95.000000,1,19,39,40,IN_TRANSIT
95.000000,1,23,47,39,ARRIVED
96.000000,1,14,26,34,RDY_TO_MOVE
96.000000,0,9,12,18,IN_TRANSIT
96.000000,1,17,40,39,IN_TRANSIT
96.000000,1,19,39,40,ARRIVED
96.000000,1,21,51,47,IN_TRANSIT
97.000000,0,6,5,1,IN_TRANSIT
97.000000,0,9,12,18,ARRIVED
97.000000,1,14,26,34,IN_TRANSIT
97.000000,1,17,40,39,ARRIVED
97.000000,1,21,51,47,IN_TRANSIT
98.000000,1,17,39,40,RDY_TO_MOVE
98.000000,0,6,5,1,IN_TRANSIT
98.000000,1,14,26,34,ARRIVED
98.000000,1,21,51,47,ARRIVED
99.000000,0,6,5,1,IN_TRANSIT
99.000000,1,17,39,40,IN_TRANSIT
100.000000,0,6,5,1,ARRIVED
100.000000,1,17,39,40,IN_TRANSIT
101.000000,1,17,39,40,ARRIVED
102.000000,0,1,11,5,IN_TRANSIT
103.000000,1,23,39,47,RDY_TO_MOVE
103.000000,0,1,11,5,ARRIVED
104.000000,0,10,18,11,IN_TRANSIT
104.000000,1,23,39,47,IN_TRANSIT
105.000000,0,9,18,26,IN_TRANSIT
105.000000,0,10,18,11,IN_TRANSIT
105.000000,1,23,39,47,IN_TRANSIT
106.000000,0,9,18,26,IN_TRANSIT
106.000000,0,10,18,11,IN_TRANSIT
106.000000,1,23,39,47,IN_TRANSIT
107.000000,1,19,40,39,RDY_TO_MOVE
107.000000,0,9,18,26,ARRIVED
107.000000,0,10,18,11,ARRIVED
107.000000,1,23,39,47,ARRIVED
108.000000,1,17,40,39,RDY_TO_MOVE
108.000000,1,19,40,39,IN_TRANSIT
109.000000,1,14,34,27,RDY_TO_MOVE
109.000000,1,17,40,39,IN_TRANSIT
109.000000,1,19,40,39,IN_TRANSIT
110.000000,1,23,47,40,RDY_TO_MOVE
110.000000,0,1,5,1,IN_TRANSIT
110.000000,0,10,11,5,IN_TRANSIT
110.000000,1,14,34,27,IN_TRANSIT
110.000000,1,17,40,39,IN_TRANSIT
110.000000,1,19,40,39,ARRIVED
111.000000,1,20,47,51,RDY_TO_MOVE
111.000000,0,1,5,1,ARRIVED
111.000000,0,10,11,5,IN_TRANSIT
111.000000,1,14,34,27,ARRIVED
111.000000,1,17,40,39,ARRIVED
111.000000,1,23,47,40,IN_TRANSIT
112.000000,1,21,47,40,RDY_TO_MOVE
112.000000,1,15,51,47,RDY_TO_MOVE
112.000000,0,10,11,5,IN_TRANSIT
112.000000,1,20,47,51,IN_TRANSIT
112.000000,1,23,47,40,IN_TRANSIT
113.000000,0,10,11,5,ARRIVED
113.000000,1,15,51,47,IN_TRANSIT
113.000000,1,20,47,51,IN_TRANSIT
113.000000,1,21,47,40,IN_TRANSIT
113.000000,1,23,47,40,ARRIVED
114.000000,0,6,1,5,IN_TRANSIT
114.000000,0,9,26,25,IN_TRANSIT
114.000000,1,15,51,47,IN_TRANSIT
114.000000,1,20,47,51,IN_TRANSIT
114.000000,1,21,47,40,IN_TRANSIT
115.000000,0,3,11,10,IN_TRANSIT
115.000000,0,6,1,5,IN_TRANSIT
115.000000,0,9,26,25,IN_TRANSIT
115.000000,1,15,51,47,ARRIVED
115.000000,1,20,47,51,ARRIVED
115.000000,1,21,47,40,ARRIVED
116.000000,1,19,39,38,RDY_TO_MOVE
116.000000,0,3,11,10,IN_TRANSIT
116.000000,0,6,1,5,ARRIVED
116.000000,0,9,26,25,ARRIVED
117.000000,0,3,11,10,IN_TRANSIT
117.000000,1,19,39,38,IN_TRANSIT
118.000000,0,3,11,10,ARRIVED
118.000000,1,19,39,38,IN_TRANSIT
119.000000,1,21,40,34,RDY_TO_MOVE
119.000000,1,19,39,38,IN_TRANSIT
120.000000,1,14,27,21,RDY_TO_MOVE
120.000000,0,10,5,11,IN_TRANSIT
120.000000,1,19,39,38,ARRIVED
120.000000,1,21,40,34,IN_TRANSIT
121.000000,1,23,40,32,RDY_TO_MOVE
121.000000,1,16,40,34,RDY_TO_MOVE
121.000000,0,5,1,5,IN_TRANSIT
121.000000,0,10,5,11,IN_TRANSIT
121.000000,1,14,27,21,IN_TRANSIT
121.000000,1,21,40,34,IN_TRANSIT
122.000000,0,5,1,5,IN_TRANSIT
122.000000,0,10,5,11,ARRIVED
122.000000,1,14,27,21,ARRIVED
122.000000,1,16,40,34,IN_TRANSIT
122.000000,1,21,40,34,ARRIVED
122.000000,1,23,40,32,IN_TRANSIT
123.000000,1,17,39,32,RDY_TO_MOVE
123.000000,0,5,1,5,ARRIVED
123.000000,1,16,40,34,IN_TRANSIT
123.000000,1,23,40,32,IN_TRANSIT
124.000000,1,16,40,34,ARRIVED
124.000000,1,17,39,32,IN_TRANSIT
124.000000,1,23,40,32,ARRIVED
125.000000,1,14,21,15,RDY_TO_MOVE
125.000000,0,8,8,15,IN_TRANSIT
125.000000,1,17,39,32,IN_TRANSIT
126.000000,1,21,34,26,RDY_TO_MOVE
126.000000,0,8,8,15,IN_TRANSIT
126.000000,1,14,21,15,IN_TRANSIT
126.000000,1,17,39,32,ARRIVED
127.000000,1,24,51,47,RDY_TO_MOVE
127.000000,0,6,5,11,IN_TRANSIT
127.000000,0,8,8,15,ARRIVED
127.000000,1,14,21,15,ARRIVED
127.000000,1,21,34,26,IN_TRANSIT
128.000000,1,17,32,39,RDY_TO_MOVE
128.000000,0,6,5,11,IN_TRANSIT
128.000000,1,21,34,26,IN_TRANSIT
128.000000,1,24,51,47,IN_TRANSIT
129.000000,0,6,5,11,ARRIVED
129.000000,1,17,32,39,IN_TRANSIT
129.000000,1,21,34,26,ARRIVED
129.000000,1,24,51,47,IN_TRANSIT
130.000000,0,1,1,5,IN_TRANSIT
130.000000,1,17,32,39,IN_TRANSIT
130.000000,1,24,51,47,ARRIVED
131.000000,0,1,1,5,ARRIVED
131.000000,1,17,32,39,IN_TRANSIT
132.000000,1,17,32,39,ARRIVED
138.000000,1,24,47,39,RDY_TO_MOVE
138.000000,0,9,25,32,IN_TRANSIT
139.000000,1,23,32,25,RDY_TO_MOVE
139.000000,0,3,10,16,IN_TRANSIT
139.000000,0,9,25,32,IN_TRANSIT
139.000000,1,24,47,39,IN_TRANSIT
140.000000,0,3,10,16,IN_TRANSIT
140.000000,0,9,25,32,ARRIVED
140.000000,1,23,32,25,IN_TRANSIT
140.000000,1,24,47,39,IN_TRANSIT
141.000000,0,3,10,16,IN_TRANSIT
141.000000,0,6,11,10,IN_TRANSIT
141.000000,0,10,11,5,IN_TRANSIT
141.000000,1,23,32,25,IN_TRANSIT
141.000000,1,24,47,39,ARRIVED
142.000000,1,17,39,47,RDY_TO_MOVE
142.000000,1,21,26,27,RDY_TO_MOVE
142.000000,0,3,10,16,ARRIVED
142.000000,0,6,11,10,IN_TRANSIT
142.000000,0,10,11,5,IN_TRANSIT
142.000000,1,23,32,25,ARRIVED
143.000000,0,6,11,10,IN_TRANSIT
143.000000,0,10,11,5,IN_TRANSIT
143.000000,1,17,39,47,IN_TRANSIT
143.000000,1,21,26,27,IN_TRANSIT
144.000000,1,13,39,40,RDY_TO_MOVE
144.000000,1,16,34,28,RDY_TO_MOVE
144.000000,0,6,11,10,ARRIVED
144.000000,0,10,11,5,ARRIVED
144.000000,1,17,39,47,IN_TRANSIT
144.000000,1,21,26,27,IN_TRANSIT
145.000000,1,23,25,26,RDY_TO_MOVE
145.000000,0,1,5,11,IN_TRANSIT
145.000000,1,13,39,40,IN_TRANSIT
145.000000,1,16,34,28,IN_TRANSIT
145.000000,1,17,39,47,IN_TRANSIT
145.000000,1,21,26,27,ARRIVED
146.000000,1,19,38,37,RDY_TO_MOVE
146.000000,0,1,5,11,ARRIVED
146.000000,0,6,10,11,IN_TRANSIT
146.000000,1,13,39,40,ARRIVED
146.000000,1,16,34,28,IN_TRANSIT
146.000000,1,17,39,47,ARRIVED
146.000000,1,23,25,26,IN_TRANSIT
147.000000,0,6,10,11,IN_TRANSIT
147.000000,1,16,34,28,ARRIVED
147.000000,1,19,38,37,IN_TRANSIT
147.000000,1,23,25,26,IN_TRANSIT
148.000000,0,6,10,11,ARRIVED
148.000000,1,19,38,37,IN_TRANSIT
148.000000,1,23,25,26,ARRIVED
149.000000,1,23,26,34,RDY_TO_MOVE
149.000000,0,8,15,21,IN_TRANSIT
149.000000,1,19,38,37,IN_TRANSIT
150.000000,0,1,11,12,IN_TRANSIT
150.000000,0,8,15,21,IN_TRANSIT
150.000000,1,19,38,37,ARRIVED
150.000000,1,23,26,34,IN_TRANSIT
