0,player,group,start,destination,status
1.000000,1,18,51,46,RDY_TO_MOVE
2.000000,1,21,51,47,RDY_TO_MOVE
2.000000,1,18,51,46,IN_TRANSIT
3.000000,0,7,1,6,IN_TRANSIT
3.000000,1,18,51,46,IN_TRANSIT
3.000000,1,21,51,47,IN_TRANSIT
4.000000,1,13,51,47,RDY_TO_MOVE
4.000000,0,7,1,6,IN_TRANSIT
4.000000,1,18,51,46,ARRIVED
4.000000,1,21,51,47,IN_TRANSIT
5.000000,1,23,51,48,RDY_TO_MOVE
5.000000,0,7,1,6,ARRIVED
5.000000,0,9,1,4,IN_TRANSIT
5.000000,1,13,51,47,IN_TRANSIT
5.000000,1,21,51,47,ARRIVED
6.000000,0,2,1,4,IN_TRANSIT
6.000000,0,9,1,4,IN_TRANSIT
6.000000,1,13,51,47,ARRIVED
6.000000,1,23,51,48,IN_TRANSIT
7.000000,1,16,51,46,RDY_TO_MOVE
7.000000,0,2,1,4,ARRIVED
7.000000,0,9,1,4,ARRIVED
7.000000,0,11,1,5,IN_TRANSIT
7.000000,1,23,51,48,IN_TRANSIT
8.000000,1,21,47,39,RDY_TO_MOVE
8.000000,0,5,1,5,IN_TRANSIT
8.000000,0,11,1,5,IN_TRANSIT
8.000000,1,16,51,46,IN_TRANSIT
8.000000,1,23,51,48,ARRIVED
9.000000,1,22,51,47,RDY_TO_MOVE
9.000000,0,5,1,5,IN_TRANSIT
9.000000,0,6,1,5,IN_TRANSIT
9.000000,0,9,4,3,IN_TRANSIT
9.000000,0,10,1,4,IN_TRANSIT
9.000000,0,11,1,5,ARRIVED
9.000000,1,16,51,46,IN_TRANSIT
9.000000,1,21,47,39,IN_TRANSIT
10.000000,1,17,51,48,RDY_TO_MOVE
10.000000,0,5,1,5,ARRIVED
10.000000,0,6,1,5,IN_TRANSIT
10.000000,0,9,4,3,IN_TRANSIT
10.000000,0,10,1,4,IN_TRANSIT
10.000000,1,16,51,46,ARRIVED
10.000000,1,21,47,39,IN_TRANSIT
10.000000,1,22,51,47,IN_TRANSIT
11.000000,0,6,1,5,ARRIVED
11.000000,0,9,4,3,IN_TRANSIT
11.000000,0,10,1,4,ARRIVED
11.000000,1,17,51,48,IN_TRANSIT
11.000000,1,21,47,39,ARRIVED
11.000000,1,22,51,47,IN_TRANSIT
12.000000,0,5,5,11,IN_TRANSIT
12.000000,0,9,4,3,ARRIVED
12.000000,1,17,51,48,IN_TRANSIT
12.000000,1,22,51,47,ARRIVED
13.000000,0,5,5,11,IN_TRANSIT
13.000000,1,17,51,48,ARRIVED
14.000000,0,5,5,11,ARRIVED
16.000000,1,13,47,46,RDY_TO_MOVE
17.000000,1,13,47,46,IN_TRANSIT
18.000000,0,10,4,11,IN_TRANSIT
18.000000,1,13,47,46,ARRIVED
19.000000,1,24,51,46,RDY_TO_MOVE
19.000000,1,13,46,38,RDY_TO_MOVE
19.000000,0,2,4,5,IN_TRANSIT
19.000000,0,4,1,6,IN_TRANSIT
19.000000,0,10,4,11,IN_TRANSIT
20.000000,1,14,51,47,RDY_TO_MOVE
20.000000,0,2,4,5,ARRIVED
20.000000,0,4,1,6,IN_TRANSIT
20.000000,0,10,4,11,ARRIVED
20.000000,1,13,46,38,IN_TRANSIT
20.000000,1,24,51,46,IN_TRANSIT
21.000000,0,4,1,6,ARRIVED
21.000000,1,13,46,38,ARRIVED
21.000000,1,14,51,47,IN_TRANSIT
21.000000,1,24,51,46,IN_TRANSIT
22.000000,1,14,51,47,ARRIVED
22.000000,1,24,51,46,ARRIVED
23.000000,0,11,5,4,IN_TRANSIT
24.000000,1,17,48,51,RDY_TO_MOVE
24.000000,0,11,5,4,IN_TRANSIT
25.000000,1,24,46,47,RDY_TO_MOVE
25.000000,0,6,5,4,IN_TRANSIT
25.000000,0,11,5,4,ARRIVED
25.000000,1,17,48,51,IN_TRANSIT
26.000000,1,16,46,39,RDY_TO_MOVE
26.000000,0,3,1,4,IN_TRANSIT
26.000000,0,6,5,4,IN_TRANSIT
26.000000,1,17,48,51,IN_TRANSIT
26.000000,1,24,46,47,IN_TRANSIT
27.000000,0,2,5,4,IN_TRANSIT
27.000000,0,3,1,4,IN_TRANSIT
27.000000,0,6,5,4,ARRIVED
27.000000,1,16,46,39,IN_TRANSIT
27.000000,1,17,48,51,IN_TRANSIT
27.000000,1,24,46,47,IN_TRANSIT
28.000000,0,2,5,4,ARRIVED
28.000000,0,3,1,4,ARRIVED
28.000000,0,11,4,5,IN_TRANSIT
28.000000,1,16,46,39,IN_TRANSIT
28.000000,1,17,48,51,ARRIVED
28.000000,1,24,46,47,ARRIVED
29.000000,0,6,4,5,IN_TRANSIT
29.000000,0,11,4,5,IN_TRANSIT
29.000000,1,16,46,39,ARRIVED
30.000000,1,13,38,39,RDY_TO_MOVE
30.000000,1,19,51,46,RDY_TO_MOVE
30.000000,1,16,39,45,RDY_TO_MOVE
30.000000,0,6,4,5,IN_TRANSIT
30.000000,0,11,4,5,ARRIVED
31.000000,0,1,1,6,IN_TRANSIT
31.000000,0,5,11,17,IN_TRANSIT
31.000000,0,6,4,5,ARRIVED
31.000000,1,13,38,39,IN_TRANSIT
31.000000,1,16,39,45,IN_TRANSIT
31.000000,1,19,51,46,IN_TRANSIT
32.000000,1,20,51,46,RDY_TO_MOVE
32.000000,1,17,51,47,RDY_TO_MOVE
32.000000,0,1,1,6,ARRIVED
32.000000,0,4,6,5,IN_TRANSIT
32.000000,0,5,11,17,IN_TRANSIT
32.000000,0,8,1,4,IN_TRANSIT
32.000000,1,13,38,39,ARRIVED
32.000000,1,16,39,45,IN_TRANSIT
32.000000,1,19,51,46,IN_TRANSIT
33.000000,1,15,51,46,RDY_TO_MOVE
33.000000,1,13,39,31,RDY_TO_MOVE
33.000000,0,4,6,5,IN_TRANSIT
33.000000,0,5,11,17,ARRIVED
33.000000,0,6,5,11,IN_TRANSIT
33.000000,0,8,1,4,IN_TRANSIT
33.000000,1,16,39,45,IN_TRANSIT
33.000000,1,17,51,47,IN_TRANSIT
33.000000,1,19,51,46,ARRIVED
33.000000,1,20,51,46,IN_TRANSIT
34.000000,1,24,47,51,RDY_TO_MOVE
34.000000,0,4,6,5,ARRIVED
34.000000,0,6,5,11,IN_TRANSIT
34.000000,0,8,1,4,ARRIVED
34.000000,0,11,5,6,IN_TRANSIT
34.000000,1,13,39,31,IN_TRANSIT
34.000000,1,15,51,46,IN_TRANSIT
34.000000,1,16,39,45,ARRIVED
34.000000,1,17,51,47,IN_TRANSIT
34.000000,1,20,51,46,IN_TRANSIT
35.000000,1,22,47,46,RDY_TO_MOVE
35.000000,0,6,5,11,ARRIVED
35.000000,0,11,5,6,IN_TRANSIT
35.000000,1,13,39,31,ARRIVED
35.000000,1,15,51,46,IN_TRANSIT
35.000000,1,17,51,47,ARRIVED
35.000000,1,20,51,46,ARRIVED
35.000000,1,24,47,51,IN_TRANSIT
36.000000,0,2,4,1,IN_TRANSIT
36.000000,0,11,5,6,IN_TRANSIT
36.000000,1,15,51,46,ARRIVED
36.000000,1,22,47,46,IN_TRANSIT
36.000000,1,24,47,51,IN_TRANSIT
37.000000,1,21,39,47,RDY_TO_MOVE
37.000000,0,2,4,1,ARRIVED
37.000000,0,11,5,6,ARRIVED
37.000000,1,22,47,46,IN_TRANSIT
37.000000,1,24,47,51,IN_TRANSIT
38.000000,0,12,1,4,IN_TRANSIT
38.000000,1,21,39,47,IN_TRANSIT
38.000000,1,22,47,46,ARRIVED
38.000000,1,24,47,51,ARRIVED
39.000000,0,6,11,3,IN_TRANSIT
39.000000,0,12,1,4,IN_TRANSIT
39.000000,1,21,39,47,IN_TRANSIT
40.000000,0,6,11,3,IN_TRANSIT
40.000000,0,12,1,4,ARRIVED
40.000000,1,21,39,47,IN_TRANSIT
41.000000,0,3,4,10,IN_TRANSIT
41.000000,0,6,11,3,IN_TRANSIT
41.000000,1,21,39,47,ARRIVED
42.000000,1,18,46,38,RDY_TO_MOVE
42.000000,0,3,4,10,IN_TRANSIT
42.000000,0,6,11,3,ARRIVED
43.000000,0,3,4,10,ARRIVED
43.000000,0,8,4,11,IN_TRANSIT
43.000000,1,18,46,38,IN_TRANSIT
44.000000,1,14,47,48,RDY_TO_MOVE
44.000000,0,6,3,9,IN_TRANSIT
44.000000,0,8,4,11,IN_TRANSIT
44.000000,1,18,46,38,IN_TRANSIT
45.000000,1,22,46,51,RDY_TO_MOVE
45.000000,0,6,3,9,IN_TRANSIT
45.000000,0,8,4,11,ARRIVED
45.000000,0,10,11,5,IN_TRANSIT
45.000000,1,14,47,48,IN_TRANSIT
45.000000,1,18,46,38,ARRIVED
46.000000,0,3,10,11,IN_TRANSIT
46.000000,0,6,3,9,ARRIVED
46.000000,0,10,11,5,IN_TRANSIT
46.000000,1,14,47,48,ARRIVED
46.000000,1,22,46,51,IN_TRANSIT
47.000000,1,13,31,37,RDY_TO_MOVE
47.000000,0,3,10,11,IN_TRANSIT
47.000000,0,10,11,5,IN_TRANSIT
47.000000,1,22,46,51,IN_TRANSIT
48.000000,0,3,10,11,ARRIVED
48.000000,0,10,11,5,ARRIVED
48.000000,1,13,31,37,IN_TRANSIT
48.000000,1,22,46,51,IN_TRANSIT
49.000000,0,6,9,2,IN_TRANSIT
49.000000,1,13,31,37,ARRIVED
49.000000,1,22,46,51,ARRIVED
50.000000,0,6,9,2,IN_TRANSIT
50.000000,0,9,3,2,IN_TRANSIT
51.000000,0,6,9,2,IN_TRANSIT
51.000000,0,9,3,2,IN_TRANSIT
52.000000,1,21,47,48,RDY_TO_MOVE
52.000000,1,18,38,37,RDY_TO_MOVE
52.000000,0,6,9,2,ARRIVED
52.000000,0,9,3,2,IN_TRANSIT
53.000000,0,4,5,4,IN_TRANSIT
53.000000,0,9,3,2,ARRIVED
53.000000,1,18,38,37,IN_TRANSIT
53.000000,1,21,47,48,IN_TRANSIT
54.000000,1,13,37,45,RDY_TO_MOVE
54.000000,0,4,5,4,IN_TRANSIT
54.000000,1,18,38,37,IN_TRANSIT
54.000000,1,21,47,48,IN_TRANSIT
55.000000,1,19,46,45,RDY_TO_MOVE
55.000000,0,4,5,4,ARRIVED
55.000000,0,12,4,5,IN_TRANSIT
55.000000,1,13,37,45,IN_TRANSIT
55.000000,1,18,38,37,IN_TRANSIT
55.000000,1,21,47,48,IN_TRANSIT
56.000000,1,20,46,39,RDY_TO_MOVE
56.000000,1,24,51,47,RDY_TO_MOVE
56.000000,0,12,4,5,IN_TRANSIT
56.000000,1,13,37,45,ARRIVED
56.000000,1,18,38,37,ARRIVED
56.000000,1,19,46,45,IN_TRANSIT
56.000000,1,21,47,48,ARRIVED
57.000000,1,16,45,39,RDY_TO_MOVE
57.000000,1,22,51,47,RDY_TO_MOVE
57.000000,0,11,6,1,IN_TRANSIT
57.000000,0,12,4,5,ARRIVED
57.000000,1,19,46,45,IN_TRANSIT
57.000000,1,20,46,39,IN_TRANSIT
57.000000,1,24,51,47,IN_TRANSIT
58.000000,1,18,37,44,RDY_TO_MOVE
58.000000,1,15,46,39,RDY_TO_MOVE
58.000000,0,4,4,10,IN_TRANSIT
58.000000,0,8,11,17,IN_TRANSIT
58.000000,0,11,6,1,IN_TRANSIT
58.000000,1,16,45,39,IN_TRANSIT
58.000000,1,19,46,45,IN_TRANSIT
58.000000,1,20,46,39,IN_TRANSIT
58.000000,1,22,51,47,IN_TRANSIT
58.000000,1,24,51,47,IN_TRANSIT
59.000000,0,4,4,10,IN_TRANSIT
59.000000,0,8,11,17,IN_TRANSIT
59.000000,0,11,6,1,IN_TRANSIT
59.000000,0,12,5,6,IN_TRANSIT
59.000000,1,15,46,39,IN_TRANSIT
59.000000,1,16,45,39,IN_TRANSIT
59.000000,1,18,37,44,IN_TRANSIT
59.000000,1,19,46,45,ARRIVED
59.000000,1,20,46,39,ARRIVED
59.000000,1,22,51,47,IN_TRANSIT
59.000000,1,24,51,47,ARRIVED
60.000000,1,14,48,42,RDY_TO_MOVE
60.000000,0,4,4,10,ARRIVED
60.000000,0,8,11,17,ARRIVED
60.000000,0,11,6,1,ARRIVED
60.000000,0,12,5,6,IN_TRANSIT
60.000000,1,15,46,39,IN_TRANSIT
60.000000,1,16,45,39,ARRIVED
60.000000,1,18,37,44,IN_TRANSIT
60.000000,1,22,51,47,ARRIVED
61.000000,1,20,39,47,RDY_TO_MOVE
61.000000,0,12,5,6,IN_TRANSIT
61.000000,1,14,48,42,IN_TRANSIT
61.000000,1,15,46,39,ARRIVED
61.000000,1,18,37,44,IN_TRANSIT
62.000000,1,22,47,39,RDY_TO_MOVE
62.000000,0,8,17,10,IN_TRANSIT
62.000000,0,12,5,6,ARRIVED
62.000000,1,14,48,42,ARRIVED
62.000000,1,18,37,44,ARRIVED
62.000000,1,20,39,47,IN_TRANSIT
63.000000,0,8,17,10,IN_TRANSIT
63.000000,1,20,39,47,IN_TRANSIT
63.000000,1,22,47,39,IN_TRANSIT
64.000000,0,6,2,9,IN_TRANSIT
64.000000,0,7,6,1,IN_TRANSIT
64.000000,0,8,17,10,IN_TRANSIT
64.000000,0,9,2,3,IN_TRANSIT
64.000000,1,20,39,47,IN_TRANSIT
64.000000,1,22,47,39,IN_TRANSIT
65.000000,1,16,39,45,RDY_TO_MOVE
65.000000,0,5,17,16,IN_TRANSIT
65.000000,0,6,2,9,IN_TRANSIT
65.000000,0,7,6,1,IN_TRANSIT
65.000000,0,8,17,10,ARRIVED
65.000000,0,9,2,3,IN_TRANSIT
65.000000,1,20,39,47,ARRIVED
65.000000,1,22,47,39,ARRIVED
66.000000,1,19,45,38,RDY_TO_MOVE
66.000000,0,5,17,16,IN_TRANSIT
66.000000,0,6,2,9,ARRIVED
66.000000,0,7,6,1,IN_TRANSIT
66.000000,0,9,2,3,ARRIVED
66.000000,0,12,6,14,IN_TRANSIT
66.000000,1,16,39,45,IN_TRANSIT
67.000000,1,17,47,39,RDY_TO_MOVE
67.000000,1,23,48,47,RDY_TO_MOVE
67.000000,0,5,17,16,IN_TRANSIT
67.000000,0,7,6,1,ARRIVED
67.000000,0,12,6,14,IN_TRANSIT
67.000000,1,16,39,45,IN_TRANSIT
67.000000,1,19,45,38,IN_TRANSIT
68.000000,0,3,11,10,IN_TRANSIT
68.000000,0,5,17,16,ARRIVED
68.000000,0,11,1,5,IN_TRANSIT
68.000000,0,12,6,14,ARRIVED
68.000000,1,16,39,45,IN_TRANSIT
68.000000,1,17,47,39,IN_TRANSIT
68.000000,1,19,45,38,IN_TRANSIT
68.000000,1,23,48,47,IN_TRANSIT
69.000000,0,3,11,10,IN_TRANSIT
69.000000,0,11,1,5,IN_TRANSIT
69.000000,1,16,39,45,ARRIVED
69.000000,1,17,47,39,IN_TRANSIT
69.000000,1,19,45,38,ARRIVED
69.000000,1,23,48,47,IN_TRANSIT
70.000000,1,22,39,45,RDY_TO_MOVE
70.000000,0,3,11,10,IN_TRANSIT
70.000000,0,11,1,5,ARRIVED
70.000000,1,17,47,39,ARRIVED
70.000000,1,23,48,47,ARRIVED
71.000000,0,3,11,10,ARRIVED
71.000000,0,6,9,10,IN_TRANSIT
71.000000,1,22,39,45,IN_TRANSIT
72.000000,0,6,9,10,IN_TRANSIT
72.000000,0,9,3,11,IN_TRANSIT
72.000000,1,22,39,45,IN_TRANSIT
73.000000,1,24,47,39,RDY_TO_MOVE
73.000000,1,19,38,45,RDY_TO_MOVE
73.000000,1,15,39,33,RDY_TO_MOVE
73.000000,0,6,9,10,ARRIVED
73.000000,0,9,3,11,IN_TRANSIT
73.000000,1,22,39,45,IN_TRANSIT
74.000000,0,9,3,11,ARRIVED
74.000000,0,10,5,11,IN_TRANSIT
74.000000,1,15,39,33,IN_TRANSIT
74.000000,1,19,38,45,IN_TRANSIT
74.000000,1,22,39,45,ARRIVED
74.000000,1,24,47,39,IN_TRANSIT
75.000000,0,10,5,11,IN_TRANSIT
75.000000,1,15,39,33,IN_TRANSIT
75.000000,1,19,38,45,IN_TRANSIT
75.000000,1,24,47,39,IN_TRANSIT
76.000000,1,16,45,38,RDY_TO_MOVE
76.000000,0,10,5,11,ARRIVED
76.000000,1,15,39,33,ARRIVED
76.000000,1,19,38,45,IN_TRANSIT
76.000000,1,24,47,39,ARRIVED
77.000000,1,14,42,50,RDY_TO_MOVE
77.000000,1,24,39,47,RDY_TO_MOVE
77.000000,1,16,45,38,IN_TRANSIT
77.000000,1,19,38,45,ARRIVED
78.000000,1,23,47,48,RDY_TO_MOVE
78.000000,0,6,10,11,IN_TRANSIT
78.000000,0,12,14,8,IN_TRANSIT
78.000000,1,14,42,50,IN_TRANSIT
78.000000,1,16,45,38,IN_TRANSIT
78.000000,1,24,39,47,IN_TRANSIT
79.000000,0,6,10,11,IN_TRANSIT
79.000000,0,12,14,8,IN_TRANSIT
79.000000,1,14,42,50,ARRIVED
79.000000,1,16,45,38,ARRIVED
79.000000,1,23,47,48,IN_TRANSIT
79.000000,1,24,39,47,IN_TRANSIT
80.000000,1,17,39,38,RDY_TO_MOVE
80.000000,0,6,10,11,ARRIVED
80.000000,0,9,11,17,IN_TRANSIT
80.000000,0,12,14,8,IN_TRANSIT
80.000000,1,23,47,48,IN_TRANSIT
80.000000,1,24,39,47,IN_TRANSIT
81.000000,1,19,45,44,RDY_TO_MOVE
81.000000,1,22,45,38,RDY_TO_MOVE
81.000000,0,9,11,17,IN_TRANSIT
81.000000,0,12,14,8,ARRIVED
81.000000,1,17,39,38,IN_TRANSIT
81.000000,1,23,47,48,IN_TRANSIT
81.000000,1,24,39,47,ARRIVED
82.000000,1,24,47,46,RDY_TO_MOVE
82.000000,1,16,38,44,RDY_TO_MOVE
82.000000,1,21,48,47,RDY_TO_MOVE
82.000000,0,9,11,17,ARRIVED
82.000000,1,17,39,38,IN_TRANSIT
82.000000,1,19,45,44,IN_TRANSIT
82.000000,1,22,45,38,IN_TRANSIT
82.000000,1,23,47,48,ARRIVED
83.000000,0,1,6,14,IN_TRANSIT
83.000000,1,16,38,44,IN_TRANSIT
83.000000,1,17,39,38,IN_TRANSIT
83.000000,1,19,45,44,IN_TRANSIT
83.000000,1,21,48,47,IN_TRANSIT
83.000000,1,22,45,38,IN_TRANSIT
83.000000,1,24,47,46,IN_TRANSIT
84.000000,0,1,6,14,ARRIVED
84.000000,0,7,1,6,IN_TRANSIT
84.000000,0,8,10,11,IN_TRANSIT
84.000000,1,16,38,44,IN_TRANSIT
84.000000,1,17,39,38,ARRIVED
84.000000,1,19,45,44,IN_TRANSIT
84.000000,1,21,48,47,IN_TRANSIT
84.000000,1,22,45,38,ARRIVED
84.000000,1,24,47,46,IN_TRANSIT
85.000000,1,17,38,39,RDY_TO_MOVE
85.000000,0,4,10,4,IN_TRANSIT
85.000000,0,7,1,6,IN_TRANSIT
85.000000,0,8,10,11,IN_TRANSIT
85.000000,1,16,38,44,IN_TRANSIT
85.000000,1,19,45,44,ARRIVED
85.000000,1,21,48,47,ARRIVED
85.000000,1,24,47,46,ARRIVED
86.000000,0,3,10,4,IN_TRANSIT
86.000000,0,4,10,4,IN_TRANSIT
86.000000,0,6,11,5,IN_TRANSIT
86.000000,0,7,1,6,ARRIVED
86.000000,0,8,10,11,ARRIVED
86.000000,1,16,38,44,ARRIVED
86.000000,1,17,38,39,IN_TRANSIT
87.000000,0,3,10,4,IN_TRANSIT
87.000000,0,4,10,4,ARRIVED
87.000000,0,6,11,5,IN_TRANSIT
87.000000,1,17,38,39,IN_TRANSIT
88.000000,0,3,10,4,ARRIVED
88.000000,0,6,11,5,IN_TRANSIT
88.000000,0,10,11,17,IN_TRANSIT
88.000000,1,17,38,39,ARRIVED
89.000000,1,23,48,51,RDY_TO_MOVE
89.000000,0,6,11,5,ARRIVED
89.000000,0,10,11,17,IN_TRANSIT
89.000000,0,11,5,6,IN_TRANSIT
90.000000,1,14,50,42,RDY_TO_MOVE
90.000000,0,10,11,17,ARRIVED
90.000000,0,11,5,6,IN_TRANSIT
90.000000,1,23,48,51,IN_TRANSIT
91.000000,0,8,11,19,IN_TRANSIT
91.000000,0,11,5,6,IN_TRANSIT
91.000000,1,14,50,42,IN_TRANSIT
91.000000,1,23,48,51,IN_TRANSIT
92.000000,0,4,4,3,IN_TRANSIT
92.000000,0,8,11,19,IN_TRANSIT
92.000000,0,11,5,6,ARRIVED
92.000000,1,14,50,42,ARRIVED
92.000000,1,23,48,51,IN_TRANSIT
93.000000,0,4,4,3,IN_TRANSIT
93.000000,0,8,11,19,ARRIVED
93.000000,1,23,48,51,ARRIVED
94.000000,1,23,51,47,RDY_TO_MOVE
94.000000,0,4,4,3,IN_TRANSIT
94.000000,0,9,17,23,IN_TRANSIT
95.000000,0,4,4,3,ARRIVED
95.000000,0,9,17,23,IN_TRANSIT
95.000000,1,23,51,47,IN_TRANSIT
96.000000,1,14,42,48,RDY_TO_MOVE
96.000000,0,9,17,23,IN_TRANSIT
96.000000,1,23,51,47,IN_TRANSIT
97.000000,1,18,44,38,RDY_TO_MOVE
97.000000,1,24,46,47,RDY_TO_MOVE
97.000000,0,9,17,23,ARRIVED
97.000000,1,14,42,48,IN_TRANSIT
97.000000,1,23,51,47,ARRIVED
98.000000,1,22,38,39,RDY_TO_MOVE
98.000000,0,11,6,14,IN_TRANSIT
98.000000,1,14,42,48,ARRIVED
98.000000,1,18,44,38,IN_TRANSIT
98.000000,1,24,46,47,IN_TRANSIT
99.000000,0,11,6,14,IN_TRANSIT
99.000000,1,18,44,38,IN_TRANSIT
99.000000,1,22,38,39,IN_TRANSIT
99.000000,1,24,46,47,IN_TRANSIT
100.000000,1,17,39,31,RDY_TO_MOVE
100.000000,0,1,14,8,IN_TRANSIT
100.000000,0,11,6,14,ARRIVED
100.000000,1,18,44,38,ARRIVED
100.000000,1,22,38,39,IN_TRANSIT
100.000000,1,24,46,47,ARRIVED
101.000000,1,13,45,39,RDY_TO_MOVE
101.000000,0,1,14,8,ARRIVED
101.000000,0,4,3,4,IN_TRANSIT
101.000000,1,17,39,31,IN_TRANSIT
101.000000,1,22,38,39,ARRIVED
102.000000,0,4,3,4,IN_TRANSIT
102.000000,1,13,45,39,IN_TRANSIT
102.000000,1,17,39,31,IN_TRANSIT
103.000000,0,4,3,4,ARRIVED
103.000000,0,10,17,16,IN_TRANSIT
103.000000,1,13,45,39,ARRIVED
103.000000,1,17,39,31,ARRIVED
104.000000,1,16,44,45,RDY_TO_MOVE
104.000000,1,18,38,30,RDY_TO_MOVE
104.000000,0,10,17,16,IN_TRANSIT
105.000000,1,15,33,26,RDY_TO_MOVE
105.000000,1,17,31,39,RDY_TO_MOVE
105.000000,1,14,48,51,RDY_TO_MOVE
105.000000,0,10,17,16,IN_TRANSIT
105.000000,1,16,44,45,IN_TRANSIT
105.000000,1,18,38,30,IN_TRANSIT
106.000000,0,10,17,16,ARRIVED
106.000000,1,14,48,51,IN_TRANSIT
106.000000,1,15,33,26,IN_TRANSIT
106.000000,1,16,44,45,IN_TRANSIT
106.000000,1,17,31,39,IN_TRANSIT
106.000000,1,18,38,30,IN_TRANSIT
107.000000,1,14,48,51,ARRIVED
107.000000,1,15,33,26,IN_TRANSIT
107.000000,1,16,44,45,ARRIVED
107.000000,1,17,31,39,IN_TRANSIT
107.000000,1,18,38,30,IN_TRANSIT
108.000000,1,13,39,46,RDY_TO_MOVE
108.000000,1,15,33,26,ARRIVED
108.000000,1,17,31,39,ARRIVED
108.000000,1,18,38,30,ARRIVED
109.000000,1,21,47,51,RDY_TO_MOVE
109.000000,1,13,39,46,IN_TRANSIT
110.000000,1,17,39,33,RDY_TO_MOVE
110.000000,1,22,39,45,RDY_TO_MOVE
110.000000,0,12,8,14,IN_TRANSIT
110.000000,1,13,39,46,ARRIVED
110.000000,1,21,47,51,IN_TRANSIT
111.000000,0,12,8,14,IN_TRANSIT
111.000000,1,17,39,33,IN_TRANSIT
111.000000,1,21,47,51,IN_TRANSIT
111.000000,1,22,39,45,IN_TRANSIT
112.000000,0,9,23,16,IN_TRANSIT
112.000000,0,12,8,14,ARRIVED
112.000000,1,17,39,33,IN_TRANSIT
112.000000,1,21,47,51,IN_TRANSIT
112.000000,1,22,39,45,IN_TRANSIT
113.000000,0,9,23,16,IN_TRANSIT
113.000000,1,17,39,33,ARRIVED
113.000000,1,21,47,51,ARRIVED
113.000000,1,22,39,45,IN_TRANSIT
114.000000,1,14,51,46,RDY_TO_MOVE
114.000000,1,18,30,24,RDY_TO_MOVE
114.000000,0,9,23,16,ARRIVED
114.000000,1,22,39,45,ARRIVED
115.000000,1,15,26,19,RDY_TO_MOVE
115.000000,1,14,51,46,IN_TRANSIT
115.000000,1,18,30,24,IN_TRANSIT
116.000000,1,22,45,46,RDY_TO_MOVE
116.000000,0,11,14,8,IN_TRANSIT
116.000000,1,14,51,46,ARRIVED
116.000000,1,15,26,19,IN_TRANSIT
116.000000,1,18,30,24,IN_TRANSIT
117.000000,0,11,14,8,IN_TRANSIT
117.000000,1,15,26,19,IN_TRANSIT
117.000000,1,18,30,24,ARRIVED
117.000000,1,22,45,46,IN_TRANSIT
118.000000,1,18,24,17,RDY_TO_MOVE
118.000000,0,5,16,24,IN_TRANSIT
118.000000,0,11,14,8,IN_TRANSIT
118.000000,1,15,26,19,ARRIVED
118.000000,1,22,45,46,IN_TRANSIT
119.000000,0,5,16,24,IN_TRANSIT
119.000000,0,11,14,8,ARRIVED
119.000000,1,18,24,17,IN_TRANSIT
119.000000,1,22,45,46,ARRIVED
120.000000,0,3,4,11,IN_TRANSIT
120.000000,0,5,16,24,ARRIVED
120.000000,1,18,24,17,IN_TRANSIT
121.000000,0,3,4,11,IN_TRANSIT
121.000000,0,4,4,1,IN_TRANSIT
121.000000,0,8,19,26,IN_TRANSIT
121.000000,1,18,24,17,ARRIVED
122.000000,0,3,4,11,ARRIVED
122.000000,0,4,4,1,IN_TRANSIT
122.000000,0,8,19,26,IN_TRANSIT
123.000000,0,4,4,1,IN_TRANSIT
123.000000,0,8,19,26,ARRIVED
124.000000,0,3,11,10,IN_TRANSIT
124.000000,0,4,4,1,ARRIVED
125.000000,1,13,46,39,RDY_TO_MOVE
125.000000,0,2,1,4,IN_TRANSIT
125.000000,0,3,11,10,IN_TRANSIT
126.000000,1,15,19,26,RDY_TO_MOVE
126.000000,0,2,1,4,ARRIVED
126.000000,0,3,11,10,IN_TRANSIT
126.000000,1,13,46,39,IN_TRANSIT
127.000000,0,3,11,10,ARRIVED
127.000000,0,9,16,23,IN_TRANSIT
127.000000,1,13,46,39,ARRIVED
127.000000,1,15,19,26,IN_TRANSIT
128.000000,1,14,46,45,RDY_TO_MOVE
128.000000,0,9,16,23,IN_TRANSIT
128.000000,1,15,19,26,IN_TRANSIT
129.000000,0,9,16,23,IN_TRANSIT
129.000000,1,14,46,45,IN_TRANSIT
129.000000,1,15,19,26,ARRIVED
130.000000,1,20,47,46,RDY_TO_MOVE
130.000000,0,9,16,23,ARRIVED
130.000000,0,12,14,22,IN_TRANSIT
130.000000,1,14,46,45,ARRIVED
131.000000,1,13,39,46,RDY_TO_MOVE
131.000000,0,3,10,2,IN_TRANSIT
131.000000,0,4,1,6,IN_TRANSIT
131.000000,0,12,14,22,IN_TRANSIT
131.000000,1,20,47,46,IN_TRANSIT
132.000000,1,14,45,38,RDY_TO_MOVE
132.000000,1,17,33,39,RDY_TO_MOVE
132.000000,0,3,10,2,IN_TRANSIT
132.000000,0,4,1,6,IN_TRANSIT
132.000000,0,10,16,24,IN_TRANSIT
132.000000,0,12,14,22,ARRIVED
132.000000,1,13,39,46,IN_TRANSIT
132.000000,1,20,47,46,IN_TRANSIT
133.000000,1,21,51,46,RDY_TO_MOVE
133.000000,0,3,10,2,IN_TRANSIT
133.000000,0,4,1,6,ARRIVED
133.000000,0,10,16,24,IN_TRANSIT
133.000000,0,11,8,14,IN_TRANSIT
133.000000,1,13,39,46,ARRIVED
133.000000,1,14,45,38,IN_TRANSIT
133.000000,1,17,33,39,IN_TRANSIT
133.000000,1,20,47,46,ARRIVED
134.000000,0,2,4,11,IN_TRANSIT
134.000000,0,3,10,2,ARRIVED
134.000000,0,8,26,19,IN_TRANSIT
134.000000,0,10,16,24,ARRIVED
134.000000,0,11,8,14,IN_TRANSIT
134.000000,1,14,45,38,ARRIVED
134.000000,1,17,33,39,IN_TRANSIT
134.000000,1,21,51,46,IN_TRANSIT
135.000000,1,19,44,37,RDY_TO_MOVE
135.000000,1,20,46,38,RDY_TO_MOVE
135.000000,0,2,4,11,ARRIVED
135.000000,0,8,26,19,IN_TRANSIT
135.000000,0,11,8,14,ARRIVED
135.000000,1,17,33,39,IN_TRANSIT
135.000000,1,21,51,46,IN_TRANSIT
136.000000,0,7,6,5,IN_TRANSIT
136.000000,0,8,26,19,ARRIVED
136.000000,1,17,33,39,ARRIVED
136.000000,1,19,44,37,IN_TRANSIT
136.000000,1,20,46,38,IN_TRANSIT
136.000000,1,21,51,46,ARRIVED
137.000000,0,7,6,5,IN_TRANSIT
137.000000,1,19,44,37,IN_TRANSIT
137.000000,1,20,46,38,IN_TRANSIT
138.000000,1,16,45,37,RDY_TO_MOVE
138.000000,0,2,11,19,IN_TRANSIT
138.000000,0,6,5,4,IN_TRANSIT
138.000000,0,7,6,5,ARRIVED
138.000000,1,19,44,37,ARRIVED
138.000000,1,20,46,38,ARRIVED
139.000000,1,21,46,45,RDY_TO_MOVE
139.000000,1,14,38,37,RDY_TO_MOVE
139.000000,0,2,11,19,ARRIVED
139.000000,0,6,5,4,IN_TRANSIT
139.000000,1,16,45,37,IN_TRANSIT
140.000000,1,19,37,30,RDY_TO_MOVE
140.000000,0,6,5,4,ARRIVED
140.000000,1,14,38,37,IN_TRANSIT
140.000000,1,16,45,37,IN_TRANSIT
140.000000,1,21,46,45,IN_TRANSIT
141.000000,1,17,39,47,RDY_TO_MOVE
141.000000,0,4,6,1,IN_TRANSIT
141.000000,0,7,5,4,IN_TRANSIT
141.000000,1,14,38,37,ARRIVED
141.000000,1,16,45,37,ARRIVED
141.000000,1,19,37,30,IN_TRANSIT
141.000000,1,21,46,45,IN_TRANSIT
142.000000,0,4,6,1,IN_TRANSIT
142.000000,0,7,5,4,IN_TRANSIT
142.000000,1,17,39,47,IN_TRANSIT
142.000000,1,19,37,30,IN_TRANSIT
142.000000,1,21,46,45,IN_TRANSIT
143.000000,0,4,6,1,IN_TRANSIT
143.000000,0,7,5,4,ARRIVED
143.000000,1,17,39,47,IN_TRANSIT
143.000000,1,19,37,30,ARRIVED
143.000000,1,21,46,45,ARRIVED
144.000000,1,23,47,39,RDY_TO_MOVE
144.000000,1,24,47,46,RDY_TO_MOVE
144.000000,0,4,6,1,ARRIVED
144.000000,0,5,24,31,IN_TRANSIT
144.000000,1,17,39,47,IN_TRANSIT
145.000000,0,5,24,31,IN_TRANSIT
145.000000,1,17,39,47,ARRIVED
145.000000,1,23,47,39,IN_TRANSIT
145.000000,1,24,47,46,IN_TRANSIT
146.000000,1,17,47,39,RDY_TO_MOVE
146.000000,1,22,46,45,RDY_TO_MOVE
146.000000,1,15,26,33,RDY_TO_MOVE
146.000000,0,5,24,31,ARRIVED
146.000000,1,23,47,39,IN_TRANSIT
146.000000,1,24,47,46,IN_TRANSIT
147.000000,1,18,17,9,RDY_TO_MOVE
147.000000,1,13,46,38,RDY_TO_MOVE
147.000000,1,20,38,45,RDY_TO_MOVE
147.000000,1,15,26,33,IN_TRANSIT
147.000000,1,17,47,39,IN_TRANSIT
147.000000,1,22,46,45,IN_TRANSIT
147.000000,1,23,47,39,ARRIVED
147.000000,1,24,47,46,ARRIVED
148.000000,0,4,1,5,IN_TRANSIT
148.000000,1,13,46,38,IN_TRANSIT
148.000000,1,15,26,33,IN_TRANSIT
148.000000,1,17,47,39,IN_TRANSIT
148.000000,1,18,17,9,IN_TRANSIT
148.000000,1,20,38,45,IN_TRANSIT
148.000000,1,22,46,45,IN_TRANSIT
149.000000,1,23,39,33,RDY_TO_MOVE
149.000000,0,4,1,5,IN_TRANSIT
149.000000,1,13,46,38,ARRIVED
149.000000,1,15,26,33,ARRIVED
149.000000,1,17,47,39,ARRIVED
149.000000,1,18,17,9,IN_TRANSIT
149.000000,1,20,38,45,IN_TRANSIT
149.000000,1,22,46,45,IN_TRANSIT
150.000000,0,4,1,5,ARRIVED
150.000000,0,6,4,1,IN_TRANSIT
150.000000,1,18,17,9,IN_TRANSIT
150.000000,1,20,38,45,IN_TRANSIT
150.000000,1,22,46,45,ARRIVED
150.000000,1,23,39,33,IN_TRANSIT
