0,player1,player2,status,focus
0.000000,1100.0,1100.0,0,20
1.000000,1100.0,1100.0,0,20
2.000000,1100.0,1100.0,0,20
3.000000,1100.0,1100.0,0,20
4.000000,1099.0,1099.0,0,20
5.000000,1098.0,1098.0,0,20
6.000000,1097.0,1097.0,0,20
7.000000,1096.0,1096.0,0,20
8.000000,1095.0,1095.0,0,20
9.000000,1095.0,1095.0,0,20
10.000000,1094.0,1094.0,0,20
11.000000,1094.0,1094.0,0,20
12.000000,1094.0,1094.0,0,20
13.000000,1093.0,1093.0,0,20
14.000000,1093.0,1093.0,0,20
15.000000,1093.0,1093.0,0,20
16.000000,1093.0,1093.0,0,20
17.000000,1093.0,1093.0,0,20
18.000000,1092.0,1092.0,0,20
19.000000,1092.0,1092.0,0,20
20.000000,1092.0,1092.0,0,14
21.000000,1092.0,1092.0,0,14
22.000000,1092.0,1092.0,0,14
23.000000,1092.0,1092.0,0,14
24.000000,1092.0,1092.0,0,14
25.000000,1092.0,1092.0,0,14
26.000000,1092.0,1092.0,0,14
27.000000,1092.0,1092.0,0,14
28.000000,1092.0,1092.0,0,14
29.000000,1092.0,1092.0,0,14
30.000000,1092.0,1092.0,0,7
31.000000,1092.0,1092.0,0,7
32.000000,1092.0,1092.0,0,7
33.000000,1092.0,1092.0,0,7
34.000000,1092.0,1092.0,0,7
35.000000,1092.0,1092.0,0,7
36.000000,1092.0,1092.0,0,7
37.000000,1092.0,1092.0,0,7
38.000000,1092.0,1092.0,0,7
39.000000,1092.0,1092.0,0,7
40.000000,1092.0,1092.0,0,10
41.000000,1092.0,1092.0,0,10
42.000000,1092.0,1092.0,0,10
43.000000,1092.0,1092.0,0,10
44.000000,1092.0,1092.0,0,10
45.000000,1092.0,1092.0,0,10
46.000000,1092.0,1092.0,0,10
47.000000,1092.0,1092.0,0,10
48.000000,1092.0,1092.0,0,10
49.000000,1092.0,1092.0,0,10
50.000000,1092.0,1092.0,0,19
51.000000,1092.0,1092.0,0,19
52.000000,1092.0,1092.0,0,19
53.000000,1092.0,1092.0,0,19
54.000000,1092.0,1092.0,0,19
55.000000,1092.0,1092.0,0,19
56.000000,1092.0,1092.0,0,19
57.000000,1092.0,1092.0,0,19
58.000000,1092.0,1092.0,0,19
59.000000,1092.0,1092.0,0,19
60.000000,1092.0,1092.0,0,4
61.000000,1092.0,1092.0,0,4
62.000000,1092.0,1092.0,0,4
63.000000,1092.0,1092.0,0,4
64.000000,1092.0,1092.0,0,4
65.000000,1092.0,1092.0,0,4
66.000000,1092.0,1092.0,0,4
67.000000,1092.0,1092.0,0,4
68.000000,1092.0,1092.0,0,4
69.000000,1092.0,1092.0,0,4
70.000000,1092.0,1092.0,0,1
71.000000,1092.0,1092.0,0,1
72.000000,1092.0,1092.0,0,1
73.000000,1092.0,1092.0,0,1
74.000000,1092.0,1092.0,0,1
75.000000,1092.0,1092.0,0,1
76.000000,1092.0,1092.0,0,1
77.000000,1092.0,1092.0,0,1
78.000000,1092.0,1092.0,0,1
79.000000,1092.0,1092.0,0,1
80.000000,1092.0,1092.0,0,0
81.000000,1092.0,1092.0,0,0
82.000000,1092.0,1092.0,0,0
83.000000,1092.0,1092.0,0,0
84.000000,1092.0,1092.0,0,0
85.000000,1092.0,1092.0,0,0
86.000000,1092.0,1092.0,0,0
87.000000,1092.0,1092.0,0,0
88.000000,1092.0,1092.0,0,0
89.000000,1092.0,1092.0,0,0
90.000000,1092.0,1092.0,0,13
91.000000,1092.0,1092.0,0,13
92.000000,1092.0,1092.0,0,13
93.000000,1092.0,1092.0,0,13
94.000000,1092.0,1092.0,0,13
95.000000,1092.0,1092.0,0,13
96.000000,1092.0,1092.0,0,13
97.000000,1092.0,1092.0,0,13
98.000000,1092.0,1092.0,0,13
99.000000,1092.0,1092.0,0,13
100.000000,1092.0,1092.0,0,5
101.000000,1092.0,1092.0,0,5
102.000000,1092.0,1092.0,0,5
103.000000,1092.0,1092.0,0,5
104.000000,1092.0,1092.0,0,5
105.000000,1092.0,1092.0,0,5
106.000000,1092.0,1092.0,0,5
107.000000,1092.0,1092.0,0,5
108.000000,1092.0,1092.0,0,5
109.000000,1092.0,1092.0,0,5
110.000000,1092.0,1092.0,0,14
111.000000,1092.0,1092.0,0,14
112.000000,1092.0,1092.0,0,14
113.000000,1092.0,1092.0,0,14
114.000000,1092.0,1092.0,0,14
115.000000,1092.0,1092.0,0,14
116.000000,1092.0,1092.0,0,14
117.000000,1092.0,1092.0,0,14
118.000000,1092.0,1092.0,0,14
119.000000,1092.0,1092.0,0,14
120.000000,1092.0,1092.0,0,20
121.000000,1092.0,1092.0,0,20
122.000000,1092.0,1092.0,0,20
123.000000,1092.0,1092.0,0,20
124.000000,1092.0,1092.0,0,20
125.000000,1092.0,1092.0,0,20
126.000000,1092.0,1092.0,0,20
127.000000,1092.0,1092.0,0,20
128.000000,1092.0,1092.0,0,20
129.000000,1092.0,1092.0,0,20
130.000000,1092.0,1092.0,0,16
131.000000,1092.0,1092.0,0,16
132.000000,1092.0,1092.0,0,16
133.000000,1092.0,1092.0,0,16
134.000000,1092.0,1092.0,0,16
135.000000,1092.0,1092.0,0,16
136.000000,1092.0,1092.0,0,16
137.000000,1092.0,1092.0,0,16
138.000000,1092.0,1092.0,0,16
139.000000,1092.0,1092.0,0,16
140.000000,1092.0,1092.0,0,4
141.000000,1092.0,1092.0,0,4
142.000000,1092.0,1092.0,0,4
143.000000,1092.0,1092.0,0,4
144.000000,1092.0,1092.0,0,4
145.000000,1092.0,1092.0,0,4
146.000000,1092.0,1092.0,0,4
147.000000,1092.0,1092.0,0,4
148.000000,1092.0,1092.0,0,4
149.000000,1092.0,1092.0,0,4
150.000000,1092.0,1092.0,1,11
