0,player1,player2,status,focus
0.000000,1100.0,1100.0,0,23
1.000000,1100.0,1100.0,0,23
2.000000,1100.0,1100.0,0,23
3.000000,1100.0,1100.0,0,23
4.000000,1100.0,1100.0,0,23
5.000000,1100.0,1100.0,0,23
6.000000,1100.0,1100.0,0,23
7.000000,1100.0,1100.0,0,23
8.000000,1100.0,1100.0,0,23
9.000000,1100.0,1100.0,0,23
10.000000,1100.0,1100.0,0,14
11.000000,1100.0,1100.0,0,14
12.000000,1100.0,1100.0,0,14
13.000000,1100.0,1100.0,0,14
14.000000,1100.0,1100.0,0,14
15.000000,1100.0,1100.0,0,14
16.000000,1100.0,1100.0,0,14
17.000000,1100.0,1100.0,0,14
18.000000,1100.0,1100.0,0,14
19.000000,1100.0,1100.0,0,14
20.000000,1100.0,1100.0,0,22
21.000000,1100.0,1100.0,0,22
22.000000,1100.0,1100.0,0,22
23.000000,1100.0,1100.0,0,22
24.000000,1100.0,1100.0,0,22
25.000000,1100.0,1100.0,0,22
26.000000,1100.0,1100.0,0,22
27.000000,1100.0,1100.0,0,22
28.000000,1100.0,1100.0,0,22
29.000000,1100.0,1100.0,0,22
30.000000,1100.0,1100.0,0,8
31.000000,1100.0,1100.0,0,8
32.000000,1100.0,1100.0,0,8
33.000000,1100.0,1100.0,0,8
34.000000,1100.0,1100.0,0,8
35.000000,1100.0,1100.0,0,8
36.000000,1100.0,1100.0,0,8
37.000000,1100.0,1100.0,0,8
38.000000,1100.0,1100.0,0,8
39.000000,1100.0,1100.0,0,8
40.000000,1100.0,1100.0,0,11
41.000000,1100.0,1100.0,0,11
42.000000,1100.0,1100.0,0,11
43.000000,1100.0,1100.0,0,11
44.000000,1100.0,1100.0,0,11
45.000000,1100.0,1100.0,0,11
46.000000,1100.0,1100.0,0,11
47.000000,1100.0,1100.0,0,11
48.000000,1100.0,1100.0,0,11
49.000000,1100.0,1100.0,0,11
50.000000,1100.0,1100.0,0,18
51.000000,1100.0,1100.0,0,18
52.000000,1100.0,1100.0,0,18
53.000000,1100.0,1100.0,0,18
54.000000,1100.0,1100.0,0,18
55.000000,1100.0,1100.0,0,18
56.000000,1100.0,1100.0,0,18
57.000000,1100.0,1100.0,0,18
58.000000,1100.0,1100.0,0,18
59.000000,1100.0,1100.0,0,18
60.000000,1100.0,1100.0,0,10
61.000000,1100.0,1100.0,0,10
62.000000,1100.0,1100.0,0,10
63.000000,1100.0,1100.0,0,10
64.000000,1100.0,1100.0,0,10
65.000000,1100.0,1100.0,0,10
66.000000,1100.0,1100.0,0,10
67.000000,1100.0,1100.0,0,10
68.000000,1100.0,1100.0,0,10
69.000000,1100.0,1100.0,0,10
70.000000,1100.0,1100.0,0,13
71.000000,1100.0,1100.0,0,13
72.000000,1100.0,1100.0,0,13
73.000000,1100.0,1100.0,0,13
74.000000,1100.0,1100.0,0,13
75.000000,1100.0,1100.0,0,13
76.000000,1100.0,1100.0,0,13
77.000000,1100.0,1100.0,0,13
78.000000,1100.0,1100.0,0,13
79.000000,1100.0,1100.0,0,13
80.000000,1100.0,1100.0,0,4
81.000000,1100.0,1100.0,0,4
82.000000,1100.0,1100.0,0,4
83.000000,1100.0,1100.0,0,4
84.000000,1100.0,1100.0,0,4
85.000000,1100.0,1100.0,0,4
86.000000,1100.0,1100.0,0,4
87.000000,1100.0,1100.0,0,4
88.000000,1100.0,1100.0,0,4
89.000000,1100.0,1100.0,0,4
90.000000,1100.0,1100.0,0,16
91.000000,1100.0,1100.0,0,16
92.000000,1100.0,1100.0,0,16
93.000000,1100.0,1100.0,0,16
94.000000,1100.0,1100.0,0,16
95.000000,1100.0,1100.0,0,16
96.000000,1100.0,1100.0,0,16
97.000000,1100.0,1100.0,0,16
98.000000,1100.0,1100.0,0,16
99.000000,1100.0,1100.0,0,16
100.000000,1100.0,1100.0,0,18
101.000000,1100.0,1100.0,0,18
102.000000,1100.0,1100.0,0,18
103.000000,1100.0,1100.0,0,18
104.000000,1100.0,1100.0,0,18
105.000000,1100.0,1100.0,0,18
106.000000,1100.0,1100.0,0,18
107.000000,1100.0,1100.0,0,18
108.000000,1100.0,1100.0,0,18
109.000000,1100.0,1100.0,0,18
110.000000,1100.0,1100.0,0,17
111.000000,1100.0,1100.0,0,17
112.000000,1100.0,1100.0,0,17
113.000000,1100.0,1100.0,0,17
114.000000,1100.0,1100.0,0,17
115.000000,1100.0,1100.0,0,17
116.000000,1100.0,1100.0,0,17
117.000000,1100.0,1100.0,0,17
118.000000,1100.0,1100.0,0,17
119.000000,1100.0,1100.0,0,17
120.000000,1100.0,1100.0,0,17
121.000000,1100.0,1100.0,0,17
122.000000,1100.0,1100.0,0,17
123.000000,1100.0,1100.0,0,17
124.000000,1100.0,1100.0,0,17
125.000000,1100.0,1100.0,0,17
126.000000,1100.0,1100.0,0,17
127.000000,1100.0,1100.0,0,17
128.000000,1100.0,1100.0,0,17
129.000000,1100.0,1100.0,0,17
130.000000,1100.0,1100.0,0,16
131.000000,1100.0,1100.0,0,16
132.000000,1100.0,1100.0,0,16
133.000000,1100.0,1100.0,0,16
134.000000,1100.0,1100.0,0,16
135.000000,1100.0,1100.0,0,16
136.000000,1100.0,1100.0,0,16
137.000000,1100.0,1100.0,0,16
138.000000,1100.0,1100.0,0,16
139.000000,1100.0,1100.0,0,16
140.000000,1100.0,1100.0,0,5
141.000000,1100.0,1100.0,0,5
142.000000,1100.0,1100.0,0,5
143.000000,1100.0,1100.0,0,5
144.000000,1100.0,1100.0,0,5
145.000000,1100.0,1100.0,0,5
146.000000,1100.0,1100.0,0,5
147.000000,1100.0,1100.0,0,5
148.000000,1100.0,1100.0,0,5
149.000000,1100.0,1100.0,0,5
150.000000,1100.0,1100.0,1,7
