0,player,group,start,destination,status
8.000000,1,16,51,47,RDY_TO_MOVE
9.000000,1,20,51,47,RDY_TO_MOVE
9.000000,0,11,1,5,IN_TRANSIT
9.000000,1,16,51,47,IN_TRANSIT
10.000000,0,11,1,5,IN_TRANSIT
10.000000,1,16,51,47,IN_TRANSIT
10.000000,1,20,51,47,IN_TRANSIT
11.000000,1,18,51,47,RDY_TO_MOVE
11.000000,0,11,1,5,ARRIVED
11.000000,1,16,51,47,ARRIVED
11.000000,1,20,51,47,IN_TRANSIT
12.000000,1,15,51,47,RDY_TO_MOVE
12.000000,1,18,51,47,IN_TRANSIT
12.000000,1,20,51,47,ARRIVED
13.000000,1,13,51,47,RDY_TO_MOVE
13.000000,1,15,51,47,IN_TRANSIT
13.000000,1,18,51,47,IN_TRANSIT
14.000000,1,13,51,47,IN_TRANSIT
14.000000,1,15,51,47,IN_TRANSIT
14.000000,1,18,51,47,ARRIVED
15.000000,1,13,51,47,ARRIVED
15.000000,1,15,51,47,ARRIVED
16.000000,1,20,47,40,RDY_TO_MOVE
16.000000,1,24,51,47,RDY_TO_MOVE
16.000000,0,6,1,5,IN_TRANSIT
17.000000,0,6,1,5,IN_TRANSIT
17.000000,1,20,47,40,IN_TRANSIT
17.000000,1,24,51,47,IN_TRANSIT
18.000000,1,17,51,47,RDY_TO_MOVE
18.000000,0,6,1,5,ARRIVED
18.000000,1,20,47,40,IN_TRANSIT
18.000000,1,24,51,47,IN_TRANSIT
19.000000,1,18,47,51,RDY_TO_MOVE
19.000000,1,17,51,47,IN_TRANSIT
19.000000,1,20,47,40,ARRIVED
19.000000,1,24,51,47,ARRIVED
20.000000,1,17,51,47,IN_TRANSIT
20.000000,1,18,47,51,IN_TRANSIT
21.000000,1,17,51,47,ARRIVED
21.000000,1,18,47,51,IN_TRANSIT
22.000000,1,18,47,51,IN_TRANSIT
23.000000,1,24,47,41,RDY_TO_MOVE
23.000000,1,18,47,51,ARRIVED
24.000000,1,24,47,41,IN_TRANSIT
25.000000,0,11,5,1,IN_TRANSIT
25.000000,1,24,47,41,IN_TRANSIT
26.000000,1,17,47,41,RDY_TO_MOVE
26.000000,0,1,1,5,IN_TRANSIT
26.000000,0,11,5,1,IN_TRANSIT
26.000000,1,24,47,41,ARRIVED
27.000000,1,15,47,40,RDY_TO_MOVE
27.000000,0,1,1,5,ARRIVED
27.000000,0,11,5,1,IN_TRANSIT
27.000000,1,17,47,41,IN_TRANSIT
28.000000,0,11,5,1,ARRIVED
28.000000,1,15,47,40,IN_TRANSIT
28.000000,1,17,47,41,IN_TRANSIT
29.000000,1,15,47,40,IN_TRANSIT
29.000000,1,17,47,41,ARRIVED
30.000000,1,15,47,40,ARRIVED
31.000000,1,13,47,41,RDY_TO_MOVE
32.000000,1,13,47,41,IN_TRANSIT
33.000000,0,1,5,1,IN_TRANSIT
33.000000,1,13,47,41,ARRIVED
34.000000,0,1,5,1,ARRIVED
35.000000,1,13,41,47,RDY_TO_MOVE
35.000000,0,8,1,5,IN_TRANSIT
36.000000,0,8,1,5,IN_TRANSIT
36.000000,0,12,1,5,IN_TRANSIT
36.000000,1,13,41,47,IN_TRANSIT
37.000000,0,8,1,5,ARRIVED
37.000000,0,12,1,5,IN_TRANSIT
37.000000,1,13,41,47,ARRIVED
38.000000,1,17,41,42,RDY_TO_MOVE
38.000000,0,12,1,5,ARRIVED
39.000000,1,17,41,42,IN_TRANSIT
40.000000,1,17,41,42,IN_TRANSIT
41.000000,1,23,51,47,RDY_TO_MOVE
41.000000,1,17,41,42,IN_TRANSIT
42.000000,0,5,1,5,IN_TRANSIT
42.000000,1,17,41,42,ARRIVED
42.000000,1,23,51,47,IN_TRANSIT
43.000000,1,24,41,42,RDY_TO_MOVE
43.000000,0,5,1,5,IN_TRANSIT
43.000000,0,9,1,5,IN_TRANSIT
43.000000,0,12,5,13,IN_TRANSIT
43.000000,1,23,51,47,IN_TRANSIT
44.000000,1,17,42,36,RDY_TO_MOVE
44.000000,0,5,1,5,ARRIVED
44.000000,0,9,1,5,IN_TRANSIT
44.000000,0,12,5,13,IN_TRANSIT
44.000000,1,23,51,47,ARRIVED
44.000000,1,24,41,42,IN_TRANSIT
45.000000,1,15,40,33,RDY_TO_MOVE
45.000000,1,19,51,47,RDY_TO_MOVE
45.000000,0,6,5,13,IN_TRANSIT
45.000000,0,9,1,5,ARRIVED
45.000000,0,12,5,13,ARRIVED
45.000000,1,17,42,36,IN_TRANSIT
45.000000,1,24,41,42,IN_TRANSIT
46.000000,0,6,5,13,IN_TRANSIT
46.000000,1,15,40,33,IN_TRANSIT
46.000000,1,17,42,36,IN_TRANSIT
46.000000,1,19,51,47,IN_TRANSIT
46.000000,1,24,41,42,IN_TRANSIT
47.000000,1,13,47,41,RDY_TO_MOVE
47.000000,0,5,5,1,IN_TRANSIT
47.000000,0,6,5,13,ARRIVED
47.000000,1,15,40,33,IN_TRANSIT
47.000000,1,17,42,36,ARRIVED
47.000000,1,19,51,47,IN_TRANSIT
47.000000,1,24,41,42,ARRIVED
48.000000,0,5,5,1,IN_TRANSIT
48.000000,1,13,47,41,IN_TRANSIT
48.000000,1,15,40,33,ARRIVED
48.000000,1,19,51,47,ARRIVED
49.000000,1,19,47,51,RDY_TO_MOVE
49.000000,0,5,5,1,IN_TRANSIT
49.000000,0,12,13,14,IN_TRANSIT
49.000000,1,13,47,41,ARRIVED
50.000000,0,5,5,1,ARRIVED
50.000000,0,12,13,14,IN_TRANSIT
50.000000,1,19,47,51,IN_TRANSIT
51.000000,0,3,1,5,IN_TRANSIT
51.000000,0,12,13,14,IN_TRANSIT
51.000000,1,19,47,51,IN_TRANSIT
52.000000,1,20,40,33,RDY_TO_MOVE
52.000000,0,3,1,5,IN_TRANSIT
52.000000,0,12,13,14,ARRIVED
52.000000,1,19,47,51,IN_TRANSIT
53.000000,0,3,1,5,ARRIVED
53.000000,0,11,1,5,IN_TRANSIT
53.000000,1,19,47,51,ARRIVED
53.000000,1,20,40,33,IN_TRANSIT
54.000000,1,22,51,47,RDY_TO_MOVE
54.000000,0,11,1,5,IN_TRANSIT
54.000000,1,20,40,33,IN_TRANSIT
55.000000,1,17,36,42,RDY_TO_MOVE
55.000000,0,2,1,5,IN_TRANSIT
55.000000,0,11,1,5,ARRIVED
55.000000,1,20,40,33,ARRIVED
55.000000,1,22,51,47,IN_TRANSIT
56.000000,0,2,1,5,ARRIVED
56.000000,1,17,36,42,IN_TRANSIT
56.000000,1,22,51,47,IN_TRANSIT
57.000000,1,20,33,41,RDY_TO_MOVE
57.000000,1,17,36,42,IN_TRANSIT
57.000000,1,22,51,47,ARRIVED
58.000000,1,13,41,47,RDY_TO_MOVE
58.000000,1,17,36,42,IN_TRANSIT
58.000000,1,20,33,41,IN_TRANSIT
59.000000,1,14,51,47,RDY_TO_MOVE
59.000000,1,13,41,47,IN_TRANSIT
59.000000,1,17,36,42,ARRIVED
59.000000,1,20,33,41,IN_TRANSIT
60.000000,0,2,5,12,IN_TRANSIT
60.000000,0,4,1,5,IN_TRANSIT
60.000000,0,9,5,13,IN_TRANSIT
60.000000,1,13,41,47,ARRIVED
60.000000,1,14,51,47,IN_TRANSIT
60.000000,1,20,33,41,IN_TRANSIT
61.000000,0,2,5,12,ARRIVED
61.000000,0,4,1,5,IN_TRANSIT
61.000000,0,9,5,13,IN_TRANSIT
61.000000,1,14,51,47,ARRIVED
61.000000,1,20,33,41,ARRIVED
62.000000,1,24,42,41,RDY_TO_MOVE
62.000000,0,4,1,5,ARRIVED
62.000000,0,9,5,13,ARRIVED
63.000000,1,20,41,47,RDY_TO_MOVE
63.000000,1,24,42,41,IN_TRANSIT
64.000000,0,12,14,8,IN_TRANSIT
64.000000,1,20,41,47,IN_TRANSIT
64.000000,1,24,42,41,IN_TRANSIT
65.000000,0,7,1,5,IN_TRANSIT
65.000000,0,12,14,8,IN_TRANSIT
65.000000,1,20,41,47,IN_TRANSIT
65.000000,1,24,42,41,ARRIVED
66.000000,0,7,1,5,IN_TRANSIT
66.000000,0,9,13,21,IN_TRANSIT
66.000000,0,12,14,8,IN_TRANSIT
66.000000,1,20,41,47,IN_TRANSIT
67.000000,0,7,1,5,ARRIVED
67.000000,0,9,13,21,IN_TRANSIT
67.000000,0,12,14,8,ARRIVED
67.000000,1,20,41,47,ARRIVED
68.000000,1,17,42,35,RDY_TO_MOVE
68.000000,0,9,13,21,ARRIVED
69.000000,0,2,12,13,IN_TRANSIT
69.000000,1,17,42,35,IN_TRANSIT
70.000000,1,14,47,51,RDY_TO_MOVE
70.000000,0,2,12,13,ARRIVED
70.000000,1,17,42,35,IN_TRANSIT
71.000000,1,20,47,41,RDY_TO_MOVE
71.000000,0,6,13,12,IN_TRANSIT
71.000000,1,14,47,51,IN_TRANSIT
71.000000,1,17,42,35,ARRIVED
72.000000,1,24,41,35,RDY_TO_MOVE
72.000000,0,6,13,12,IN_TRANSIT
72.000000,1,14,47,51,ARRIVED
72.000000,1,20,47,41,IN_TRANSIT
73.000000,0,6,13,12,ARRIVED
73.000000,0,8,5,1,IN_TRANSIT
73.000000,1,20,47,41,IN_TRANSIT
73.000000,1,24,41,35,IN_TRANSIT
74.000000,1,13,47,41,RDY_TO_MOVE
74.000000,0,8,5,1,IN_TRANSIT
74.000000,1,20,47,41,ARRIVED
74.000000,1,24,41,35,IN_TRANSIT
75.000000,1,15,33,41,RDY_TO_MOVE
75.000000,1,17,35,27,RDY_TO_MOVE
75.000000,0,7,5,12,IN_TRANSIT
75.000000,0,8,5,1,IN_TRANSIT
75.000000,1,13,47,41,IN_TRANSIT
75.000000,1,24,41,35,ARRIVED
76.000000,1,20,41,33,RDY_TO_MOVE
76.000000,0,4,5,12,IN_TRANSIT
76.000000,0,7,5,12,IN_TRANSIT
76.000000,0,8,5,1,ARRIVED
76.000000,1,13,47,41,ARRIVED
76.000000,1,15,33,41,IN_TRANSIT
76.000000,1,17,35,27,IN_TRANSIT
77.000000,0,4,5,12,IN_TRANSIT
77.000000,0,7,5,12,ARRIVED
77.000000,1,15,33,41,IN_TRANSIT
77.000000,1,17,35,27,IN_TRANSIT
77.000000,1,20,41,33,IN_TRANSIT
78.000000,1,16,47,41,RDY_TO_MOVE
78.000000,1,13,41,40,RDY_TO_MOVE
78.000000,0,4,5,12,ARRIVED
78.000000,1,15,33,41,IN_TRANSIT
78.000000,1,17,35,27,ARRIVED
78.000000,1,20,41,33,IN_TRANSIT
79.000000,1,24,35,43,RDY_TO_MOVE
79.000000,1,13,41,40,IN_TRANSIT
79.000000,1,15,33,41,ARRIVED
79.000000,1,16,47,41,IN_TRANSIT
79.000000,1,20,41,33,ARRIVED
80.000000,1,13,41,40,ARRIVED
80.000000,1,16,47,41,IN_TRANSIT
80.000000,1,24,35,43,IN_TRANSIT
81.000000,0,2,13,21,IN_TRANSIT
81.000000,1,16,47,41,ARRIVED
81.000000,1,24,35,43,IN_TRANSIT
82.000000,0,2,13,21,ARRIVED
82.000000,0,6,12,19,IN_TRANSIT
82.000000,1,24,35,43,IN_TRANSIT
83.000000,0,6,12,19,IN_TRANSIT
83.000000,0,7,12,5,IN_TRANSIT
83.000000,0,9,21,15,IN_TRANSIT
83.000000,1,24,35,43,ARRIVED
84.000000,0,6,12,19,ARRIVED
84.000000,0,7,12,5,IN_TRANSIT
84.000000,0,9,21,15,IN_TRANSIT
85.000000,0,7,12,5,IN_TRANSIT
85.000000,0,9,21,15,IN_TRANSIT
86.000000,1,17,27,35,RDY_TO_MOVE
86.000000,0,7,12,5,ARRIVED
86.000000,0,9,21,15,ARRIVED
87.000000,1,13,40,33,RDY_TO_MOVE
87.000000,0,1,1,5,IN_TRANSIT
87.000000,1,17,27,35,IN_TRANSIT
88.000000,1,22,47,51,RDY_TO_MOVE
88.000000,0,1,1,5,ARRIVED
88.000000,0,7,5,13,IN_TRANSIT
88.000000,1,13,40,33,IN_TRANSIT
88.000000,1,17,27,35,IN_TRANSIT
89.000000,1,16,41,40,RDY_TO_MOVE
89.000000,0,4,12,5,IN_TRANSIT
89.000000,0,7,5,13,IN_TRANSIT
89.000000,1,13,40,33,ARRIVED
89.000000,1,17,27,35,ARRIVED
89.000000,1,22,47,51,IN_TRANSIT
90.000000,1,23,47,40,RDY_TO_MOVE
90.000000,0,4,12,5,IN_TRANSIT
90.000000,0,7,5,13,ARRIVED
90.000000,1,16,41,40,IN_TRANSIT
90.000000,1,22,47,51,IN_TRANSIT
91.000000,0,4,12,5,IN_TRANSIT
91.000000,1,16,41,40,IN_TRANSIT
91.000000,1,22,47,51,IN_TRANSIT
91.000000,1,23,47,40,IN_TRANSIT
92.000000,1,24,43,36,RDY_TO_MOVE
92.000000,0,4,12,5,ARRIVED
92.000000,0,11,5,12,IN_TRANSIT
92.000000,1,16,41,40,ARRIVED
92.000000,1,22,47,51,ARRIVED
92.000000,1,23,47,40,IN_TRANSIT
93.000000,1,20,33,40,RDY_TO_MOVE
93.000000,0,11,5,12,IN_TRANSIT
93.000000,1,23,47,40,ARRIVED
93.000000,1,24,43,36,IN_TRANSIT
94.000000,1,18,51,47,RDY_TO_MOVE
94.000000,0,2,21,22,IN_TRANSIT
94.000000,0,11,5,12,ARRIVED
94.000000,1,20,33,40,IN_TRANSIT
94.000000,1,24,43,36,IN_TRANSIT
95.000000,1,15,41,40,RDY_TO_MOVE
95.000000,0,2,21,22,ARRIVED
95.000000,1,18,51,47,IN_TRANSIT
95.000000,1,20,33,40,IN_TRANSIT
95.000000,1,24,43,36,ARRIVED
96.000000,0,3,5,1,IN_TRANSIT
96.000000,1,15,41,40,IN_TRANSIT
96.000000,1,18,51,47,IN_TRANSIT
96.000000,1,20,33,40,IN_TRANSIT
97.000000,1,17,35,27,RDY_TO_MOVE
97.000000,1,16,40,47,RDY_TO_MOVE
97.000000,0,3,5,1,IN_TRANSIT
97.000000,1,15,41,40,IN_TRANSIT
97.000000,1,18,51,47,ARRIVED
97.000000,1,20,33,40,ARRIVED
98.000000,0,3,5,1,IN_TRANSIT
98.000000,1,15,41,40,ARRIVED
98.000000,1,16,40,47,IN_TRANSIT
98.000000,1,17,35,27,IN_TRANSIT
99.000000,1,24,36,42,RDY_TO_MOVE
99.000000,0,3,5,1,ARRIVED
99.000000,0,4,5,12,IN_TRANSIT
99.000000,1,16,40,47,IN_TRANSIT
99.000000,1,17,35,27,IN_TRANSIT
100.000000,1,13,33,41,RDY_TO_MOVE
100.000000,0,4,5,12,IN_TRANSIT
100.000000,0,6,19,13,IN_TRANSIT
100.000000,1,16,40,47,IN_TRANSIT
100.000000,1,17,35,27,ARRIVED
100.000000,1,24,36,42,IN_TRANSIT
101.000000,1,18,47,40,RDY_TO_MOVE
101.000000,0,4,5,12,ARRIVED
101.000000,0,6,19,13,IN_TRANSIT
101.000000,1,13,33,41,IN_TRANSIT
101.000000,1,16,40,47,ARRIVED
101.000000,1,24,36,42,IN_TRANSIT
102.000000,0,6,19,13,IN_TRANSIT
102.000000,1,13,33,41,ARRIVED
102.000000,1,18,47,40,IN_TRANSIT
102.000000,1,24,36,42,IN_TRANSIT
103.000000,1,17,27,35,RDY_TO_MOVE
103.000000,0,6,19,13,ARRIVED
103.000000,1,18,47,40,IN_TRANSIT
103.000000,1,24,36,42,ARRIVED
104.000000,1,17,27,35,IN_TRANSIT
104.000000,1,18,47,40,ARRIVED
105.000000,1,17,27,35,IN_TRANSIT
106.000000,0,6,13,21,IN_TRANSIT
106.000000,1,17,27,35,ARRIVED
107.000000,1,18,40,41,RDY_TO_MOVE
107.000000,1,17,35,43,RDY_TO_MOVE
107.000000,0,1,5,1,IN_TRANSIT
107.000000,0,6,13,21,IN_TRANSIT
108.000000,0,1,5,1,ARRIVED
108.000000,0,2,22,14,IN_TRANSIT
108.000000,0,6,13,21,ARRIVED
108.000000,0,7,13,21,IN_TRANSIT
108.000000,1,17,35,43,IN_TRANSIT
108.000000,1,18,40,41,IN_TRANSIT
109.000000,0,2,22,14,ARRIVED
109.000000,0,7,13,21,IN_TRANSIT
109.000000,1,17,35,43,IN_TRANSIT
109.000000,1,18,40,41,IN_TRANSIT
110.000000,0,7,13,21,ARRIVED
110.000000,1,17,35,43,IN_TRANSIT
110.000000,1,18,40,41,IN_TRANSIT
111.000000,1,17,35,43,ARRIVED
111.000000,1,18,40,41,ARRIVED
113.000000,1,24,42,50,RDY_TO_MOVE
113.000000,1,21,51,47,RDY_TO_MOVE
113.000000,0,9,15,8,IN_TRANSIT
114.000000,0,1,1,5,IN_TRANSIT
114.000000,0,9,15,8,IN_TRANSIT
114.000000,1,21,51,47,IN_TRANSIT
114.000000,1,24,42,50,IN_TRANSIT
115.000000,1,18,41,47,RDY_TO_MOVE
115.000000,0,1,1,5,ARRIVED
115.000000,0,7,21,27,IN_TRANSIT
115.000000,0,9,15,8,IN_TRANSIT
115.000000,0,11,12,5,IN_TRANSIT
115.000000,1,21,51,47,IN_TRANSIT
115.000000,1,24,42,50,IN_TRANSIT
116.000000,1,22,51,47,RDY_TO_MOVE
116.000000,1,15,40,33,RDY_TO_MOVE
116.000000,0,6,21,22,IN_TRANSIT
116.000000,0,7,21,27,IN_TRANSIT
116.000000,0,9,15,8,ARRIVED
116.000000,0,11,12,5,IN_TRANSIT
116.000000,1,18,41,47,IN_TRANSIT
116.000000,1,21,51,47,ARRIVED
116.000000,1,24,42,50,IN_TRANSIT
117.000000,1,21,47,51,RDY_TO_MOVE
117.000000,0,6,21,22,IN_TRANSIT
117.000000,0,7,21,27,ARRIVED
117.000000,0,11,12,5,IN_TRANSIT
117.000000,1,15,40,33,IN_TRANSIT
117.000000,1,18,41,47,IN_TRANSIT
117.000000,1,22,51,47,IN_TRANSIT
117.000000,1,24,42,50,ARRIVED
118.000000,0,6,21,22,IN_TRANSIT
118.000000,0,11,12,5,ARRIVED
118.000000,1,15,40,33,IN_TRANSIT
118.000000,1,18,41,47,IN_TRANSIT
118.000000,1,21,47,51,IN_TRANSIT
118.000000,1,22,51,47,IN_TRANSIT
119.000000,0,6,21,22,ARRIVED
119.000000,1,15,40,33,ARRIVED
119.000000,1,18,41,47,ARRIVED
119.000000,1,21,47,51,IN_TRANSIT
119.000000,1,22,51,47,ARRIVED
120.000000,1,21,47,51,IN_TRANSIT
121.000000,1,21,47,51,ARRIVED
123.000000,1,20,40,41,RDY_TO_MOVE
123.000000,0,7,27,19,IN_TRANSIT
124.000000,0,7,27,19,IN_TRANSIT
124.000000,1,20,40,41,IN_TRANSIT
125.000000,0,1,5,12,IN_TRANSIT
125.000000,0,6,22,21,IN_TRANSIT
125.000000,0,7,27,19,ARRIVED
125.000000,1,20,40,41,IN_TRANSIT
126.000000,1,16,47,51,RDY_TO_MOVE
126.000000,0,1,5,12,ARRIVED
126.000000,0,6,22,21,IN_TRANSIT
126.000000,1,20,40,41,IN_TRANSIT
127.000000,0,2,14,21,IN_TRANSIT
127.000000,0,4,12,5,IN_TRANSIT
127.000000,0,6,22,21,ARRIVED
127.000000,1,16,47,51,IN_TRANSIT
127.000000,1,20,40,41,ARRIVED
128.000000,0,2,14,21,ARRIVED
128.000000,0,4,12,5,IN_TRANSIT
128.000000,0,9,8,15,IN_TRANSIT
128.000000,1,16,47,51,IN_TRANSIT
129.000000,0,4,12,5,IN_TRANSIT
129.000000,0,7,19,12,IN_TRANSIT
129.000000,0,9,8,15,IN_TRANSIT
129.000000,1,16,47,51,IN_TRANSIT
130.000000,0,4,12,5,ARRIVED
130.000000,0,5,1,5,IN_TRANSIT
130.000000,0,7,19,12,IN_TRANSIT
130.000000,0,9,8,15,ARRIVED
130.000000,1,16,47,51,ARRIVED
131.000000,0,5,1,5,IN_TRANSIT
131.000000,0,7,19,12,IN_TRANSIT
132.000000,0,5,1,5,ARRIVED
132.000000,0,7,19,12,ARRIVED
133.000000,1,23,40,47,RDY_TO_MOVE
133.000000,0,4,5,12,IN_TRANSIT
133.000000,0,8,1,5,IN_TRANSIT
134.000000,1,24,50,42,RDY_TO_MOVE
134.000000,0,4,5,12,IN_TRANSIT
134.000000,0,8,1,5,IN_TRANSIT
134.000000,0,9,15,8,IN_TRANSIT
134.000000,1,23,40,47,IN_TRANSIT
135.000000,0,4,5,12,ARRIVED
135.000000,0,8,1,5,ARRIVED
135.000000,0,9,15,8,IN_TRANSIT
135.000000,1,23,40,47,IN_TRANSIT
135.000000,1,24,50,42,IN_TRANSIT
136.000000,0,9,15,8,IN_TRANSIT
136.000000,1,23,40,47,IN_TRANSIT
136.000000,1,24,50,42,IN_TRANSIT
137.000000,1,13,41,42,RDY_TO_MOVE
137.000000,1,15,33,41,RDY_TO_MOVE
137.000000,0,9,15,8,ARRIVED
137.000000,1,23,40,47,ARRIVED
137.000000,1,24,50,42,ARRIVED
138.000000,1,16,51,47,RDY_TO_MOVE
138.000000,1,17,43,35,RDY_TO_MOVE
138.000000,0,8,5,1,IN_TRANSIT
138.000000,1,13,41,42,IN_TRANSIT
138.000000,1,15,33,41,IN_TRANSIT
139.000000,1,18,47,51,RDY_TO_MOVE
139.000000,0,1,12,19,IN_TRANSIT
139.000000,0,6,21,22,IN_TRANSIT
139.000000,0,8,5,1,IN_TRANSIT
139.000000,1,13,41,42,ARRIVED
139.000000,1,15,33,41,IN_TRANSIT
139.000000,1,16,51,47,IN_TRANSIT
139.000000,1,17,43,35,IN_TRANSIT
140.000000,1,20,41,42,RDY_TO_MOVE
140.000000,0,1,12,19,ARRIVED
140.000000,0,6,21,22,IN_TRANSIT
140.000000,0,7,12,13,IN_TRANSIT
140.000000,0,8,5,1,IN_TRANSIT
140.000000,1,15,33,41,IN_TRANSIT
140.000000,1,16,51,47,IN_TRANSIT
140.000000,1,17,43,35,IN_TRANSIT
140.000000,1,18,47,51,IN_TRANSIT
141.000000,0,6,21,22,IN_TRANSIT
141.000000,0,7,12,13,IN_TRANSIT
141.000000,0,8,5,1,ARRIVED
141.000000,1,15,33,41,ARRIVED
141.000000,1,16,51,47,ARRIVED
141.000000,1,17,43,35,ARRIVED
141.000000,1,18,47,51,IN_TRANSIT
141.000000,1,20,41,42,IN_TRANSIT
142.000000,0,6,21,22,ARRIVED
142.000000,0,7,12,13,IN_TRANSIT
142.000000,1,18,47,51,IN_TRANSIT
142.000000,1,20,41,42,IN_TRANSIT
143.000000,1,16,47,40,RDY_TO_MOVE
143.000000,1,24,42,50,RDY_TO_MOVE
143.000000,0,7,12,13,ARRIVED
143.000000,1,18,47,51,ARRIVED
143.000000,1,20,41,42,IN_TRANSIT
144.000000,1,18,51,47,RDY_TO_MOVE
144.000000,1,15,41,42,RDY_TO_MOVE
144.000000,1,16,47,40,IN_TRANSIT
144.000000,1,20,41,42,ARRIVED
144.000000,1,24,42,50,IN_TRANSIT
145.000000,1,15,41,42,IN_TRANSIT
145.000000,1,16,47,40,IN_TRANSIT
145.000000,1,18,51,47,IN_TRANSIT
145.000000,1,24,42,50,IN_TRANSIT
146.000000,1,15,41,42,IN_TRANSIT
146.000000,1,16,47,40,ARRIVED
146.000000,1,18,51,47,IN_TRANSIT
146.000000,1,24,42,50,IN_TRANSIT
147.000000,1,15,41,42,IN_TRANSIT
147.000000,1,18,51,47,ARRIVED
147.000000,1,24,42,50,ARRIVED
148.000000,1,17,35,28,RDY_TO_MOVE
148.000000,1,13,42,35,RDY_TO_MOVE
148.000000,1,15,41,42,ARRIVED
149.000000,1,13,42,35,IN_TRANSIT
149.000000,1,17,35,28,IN_TRANSIT
150.000000,1,13,42,35,ARRIVED
150.000000,1,17,35,28,IN_TRANSIT
