0,node,faction,controlvalue,controlled
3.000000,48,1,8.000000,false
4.000000,47,1,8.000000,false
4.000000,48,1,16.000000,false
5.000000,47,1,16.000000,false
6.000000,5,0,16.000000,false
6.000000,47,1,24.000000,false
7.000000,5,0,32.000000,false
7.000000,6,0,12.000000,false
7.000000,41,1,8.000000,false
7.000000,47,1,32.000000,false
7.000000,48,1,24.000000,false
8.000000,5,0,48.000000,false
8.000000,6,0,24.000000,false
8.000000,41,1,16.000000,false
8.000000,47,1,40.000000,false
8.000000,48,1,32.000000,false
9.000000,5,0,56.000000,false
9.000000,6,0,44.000000,false
9.000000,41,1,24.000000,false
9.000000,47,1,60.000000,false
9.000000,48,1,40.000000,false
10.000000,5,0,64.000000,false
10.000000,6,0,52.000000,false
10.000000,41,1,32.000000,false
10.000000,47,1,80.000000,false
10.000000,48,1,48.000000,false
11.000000,5,0,80.000000,false
11.000000,6,0,60.000000,false
11.000000,47,1,108.000000,true
11.000000,48,1,56.000000,false
12.000000,5,0,96.000000,false
12.000000,6,0,68.000000,false
12.000000,11,0,8.000000,false
12.000000,48,1,64.000000,false
13.000000,5,0,116.000000,true
13.000000,6,0,76.000000,false
13.000000,11,0,16.000000,false
13.000000,48,1,72.000000,false
13.000000,49,1,8.000000,false
14.000000,6,0,84.000000,false
14.000000,11,0,24.000000,false
14.000000,48,1,80.000000,false
14.000000,49,1,16.000000,false
15.000000,6,0,92.000000,false
15.000000,11,0,32.000000,false
15.000000,48,1,88.000000,false
15.000000,49,1,24.000000,false
16.000000,6,0,100.000000,true
16.000000,11,0,48.000000,false
16.000000,48,1,96.000000,false
16.000000,49,1,32.000000,false
17.000000,11,0,56.000000,false
17.000000,48,1,116.000000,true
17.000000,49,1,40.000000,false
18.000000,11,0,64.000000,false
18.000000,49,1,48.000000,false
19.000000,11,0,72.000000,false
19.000000,49,1,56.000000,false
20.000000,11,0,80.000000,false
20.000000,17,0,8.000000,false
20.000000,49,1,64.000000,false
21.000000,11,0,96.000000,false
21.000000,17,0,16.000000,false
21.000000,49,1,72.000000,false
22.000000,11,0,112.000000,true
22.000000,17,0,24.000000,false
22.000000,41,1,40.000000,false
22.000000,49,1,80.000000,false
23.000000,17,0,32.000000,false
23.000000,41,1,48.000000,false
23.000000,49,1,88.000000,false
24.000000,17,0,40.000000,false
24.000000,41,1,56.000000,false
24.000000,49,1,96.000000,false
25.000000,17,0,48.000000,false
25.000000,41,1,64.000000,false
25.000000,49,1,104.000000,true
26.000000,17,0,56.000000,false
26.000000,18,0,8.000000,false
26.000000,41,1,72.000000,false
27.000000,17,0,64.000000,false
27.000000,18,0,16.000000,false
27.000000,41,1,80.000000,false
28.000000,17,0,72.000000,false
28.000000,18,0,24.000000,false
28.000000,41,1,88.000000,false
29.000000,17,0,80.000000,false
29.000000,18,0,32.000000,false
29.000000,41,1,96.000000,false
30.000000,17,0,88.000000,false
30.000000,18,0,40.000000,false
30.000000,41,1,104.000000,true
31.000000,17,0,96.000000,false
31.000000,18,0,48.000000,false
32.000000,17,0,104.000000,true
32.000000,18,0,56.000000,false
33.000000,18,0,64.000000,false
34.000000,18,0,72.000000,false
41.000000,13,0,8.000000,false
42.000000,13,0,16.000000,false
43.000000,13,0,24.000000,false
43.000000,24,0,8.000000,false
44.000000,13,0,32.000000,false
44.000000,24,0,16.000000,false
44.000000,43,1,8.000000,false
45.000000,13,0,48.000000,false
45.000000,24,0,24.000000,false
45.000000,43,1,16.000000,false
46.000000,13,0,64.000000,false
46.000000,24,0,32.000000,false
46.000000,39,1,8.000000,false
46.000000,43,1,24.000000,false
47.000000,13,0,80.000000,false
47.000000,24,0,40.000000,false
47.000000,39,1,16.000000,false
47.000000,43,1,32.000000,false
48.000000,13,0,96.000000,false
48.000000,24,0,48.000000,false
48.000000,39,1,24.000000,false
48.000000,43,1,40.000000,false
49.000000,13,0,112.000000,true
49.000000,24,0,56.000000,false
49.000000,39,1,32.000000,false
49.000000,43,1,48.000000,false
50.000000,39,1,40.000000,false
50.000000,43,1,56.000000,false
51.000000,39,1,48.000000,false
51.000000,43,1,64.000000,false
52.000000,39,1,56.000000,false
52.000000,43,1,72.000000,false
53.000000,30,0,8.000000,false
53.000000,39,1,64.000000,false
53.000000,43,1,80.000000,false
54.000000,30,0,16.000000,false
54.000000,39,1,72.000000,false
54.000000,43,1,88.000000,false
55.000000,7,0,8.000000,false
55.000000,30,0,24.000000,false
55.000000,39,1,80.000000,false
55.000000,43,1,96.000000,false
56.000000,7,0,16.000000,false
56.000000,23,0,8.000000,false
56.000000,30,0,32.000000,false
56.000000,43,1,104.000000,true
57.000000,7,0,32.000000,false
57.000000,23,0,16.000000,false
57.000000,30,0,40.000000,false
58.000000,7,0,40.000000,false
58.000000,23,0,24.000000,false
58.000000,30,0,48.000000,false
59.000000,7,0,48.000000,false
59.000000,23,0,32.000000,false
59.000000,30,0,56.000000,false
60.000000,7,0,56.000000,false
60.000000,8,0,8.000000,false
60.000000,30,0,64.000000,false
61.000000,7,0,64.000000,false
61.000000,8,0,16.000000,false
61.000000,30,0,72.000000,false
62.000000,7,0,72.000000,false
62.000000,8,0,24.000000,false
62.000000,30,0,80.000000,false
63.000000,7,0,80.000000,false
63.000000,8,0,32.000000,false
63.000000,30,0,96.000000,false
64.000000,7,0,88.000000,false
64.000000,8,0,40.000000,false
64.000000,30,0,112.000000,true
65.000000,8,0,48.000000,false
66.000000,8,0,56.000000,false
67.000000,8,0,64.000000,false
68.000000,8,0,72.000000,false
69.000000,8,0,88.000000,false
70.000000,8,0,104.000000,true
72.000000,23,0,40.000000,false
73.000000,23,0,48.000000,false
73.000000,24,0,64.000000,false
74.000000,23,0,56.000000,false
74.000000,24,0,72.000000,false
75.000000,23,0,64.000000,false
75.000000,24,0,80.000000,false
75.000000,36,1,8.000000,false
76.000000,23,0,72.000000,false
76.000000,24,0,88.000000,false
76.000000,36,1,16.000000,false
77.000000,23,0,80.000000,false
77.000000,24,0,96.000000,false
77.000000,36,1,24.000000,false
78.000000,23,0,88.000000,false
78.000000,24,0,104.000000,true
78.000000,36,1,32.000000,false
79.000000,7,0,100.000000,true
79.000000,18,0,80.000000,false
79.000000,23,0,96.000000,false
79.000000,36,1,40.000000,false
80.000000,18,0,88.000000,false
80.000000,23,0,104.000000,true
80.000000,36,1,48.000000,false
81.000000,18,0,96.000000,false
81.000000,36,1,56.000000,false
82.000000,18,0,104.000000,true
82.000000,36,1,64.000000,false
83.000000,36,1,72.000000,false
84.000000,36,1,80.000000,false
85.000000,36,1,88.000000,false
86.000000,36,1,96.000000,false
89.000000,50,1,12.000000,false
90.000000,50,1,24.000000,false
91.000000,50,1,36.000000,false
92.000000,50,1,48.000000,false
93.000000,50,1,60.000000,false
94.000000,15,0,12.000000,false
94.000000,16,0,8.000000,false
94.000000,50,1,72.000000,false
95.000000,15,0,24.000000,false
95.000000,16,0,16.000000,false
95.000000,50,1,84.000000,false
96.000000,15,0,36.000000,false
96.000000,16,0,24.000000,false
96.000000,50,1,96.000000,false
97.000000,15,0,48.000000,false
97.000000,16,0,32.000000,false
97.000000,50,1,108.000000,true
98.000000,15,0,68.000000,false
98.000000,16,0,40.000000,false
99.000000,15,0,80.000000,false
99.000000,16,0,48.000000,false
100.000000,16,0,56.000000,false
101.000000,16,0,64.000000,false
102.000000,16,0,72.000000,false
103.000000,16,0,80.000000,false
104.000000,16,0,88.000000,false
105.000000,16,0,96.000000,false
106.000000,16,0,104.000000,true
107.000000,31,0,8.000000,false
111.000000,39,0,72.000000,false
112.000000,39,0,64.000000,false
113.000000,36,1,104.000000,true
122.000000,39,0,56.000000,false
123.000000,39,0,48.000000,false
124.000000,29,1,8.000000,false
124.000000,39,0,40.000000,false
125.000000,29,1,16.000000,false
125.000000,31,1,0.000000,false
125.000000,39,0,32.000000,false
126.000000,29,1,24.000000,false
126.000000,31,1,8.000000,false
126.000000,39,0,24.000000,false
127.000000,29,1,32.000000,false
127.000000,31,1,16.000000,false
128.000000,29,1,40.000000,false
128.000000,31,1,24.000000,false
129.000000,29,1,48.000000,false
129.000000,31,1,32.000000,false
130.000000,15,0,88.000000,false
130.000000,29,1,56.000000,false
131.000000,15,0,96.000000,false
131.000000,29,1,64.000000,false
132.000000,15,0,104.000000,true
132.000000,29,1,72.000000,false
133.000000,29,1,80.000000,false
134.000000,29,1,88.000000,false
135.000000,29,1,96.000000,false
136.000000,31,1,40.000000,false
138.000000,22,1,8.000000,false
139.000000,22,1,16.000000,false
140.000000,22,1,24.000000,false
140.000000,32,1,8.000000,false
141.000000,22,1,32.000000,false
141.000000,32,1,16.000000,false
142.000000,9,0,8.000000,false
142.000000,22,1,40.000000,false
143.000000,9,0,16.000000,false
143.000000,22,1,48.000000,false
144.000000,9,0,24.000000,false
145.000000,9,0,32.000000,false
146.000000,9,0,40.000000,false
146.000000,28,1,8.000000,false
147.000000,9,0,48.000000,false
147.000000,28,1,16.000000,false
148.000000,9,0,56.000000,false
148.000000,28,1,24.000000,false
149.000000,9,0,64.000000,false
149.000000,28,1,32.000000,false
150.000000,9,0,72.000000,false
150.000000,28,1,40.000000,false
