0,player1,player2,status,focus
0.000000,1100.0,1100.0,0,12
1.000000,1100.0,1100.0,0,12
2.000000,1100.0,1100.0,0,12
3.000000,1100.0,1100.0,0,12
4.000000,1099.0,1099.0,0,12
5.000000,1098.0,1098.0,0,12
6.000000,1097.0,1097.0,0,12
7.000000,1096.0,1096.0,0,12
8.000000,1095.0,1095.0,0,12
9.000000,1095.0,1095.0,0,12
10.000000,1094.0,1094.0,0,23
11.000000,1094.0,1094.0,0,23
12.000000,1094.0,1094.0,0,23
13.000000,1093.0,1093.0,0,23
14.000000,1093.0,1093.0,0,23
15.000000,1093.0,1093.0,0,23
16.000000,1093.0,1093.0,0,23
17.000000,1093.0,1093.0,0,23
18.000000,1092.0,1092.0,0,23
19.000000,1092.0,1092.0,0,23
20.000000,1092.0,1092.0,0,16
21.000000,1092.0,1092.0,0,16
22.000000,1092.0,1092.0,0,16
23.000000,1092.0,1092.0,0,16
24.000000,1092.0,1092.0,0,16
25.000000,1092.0,1092.0,0,16
26.000000,1092.0,1092.0,0,16
27.000000,1092.0,1092.0,0,16
28.000000,1092.0,1092.0,0,16
29.000000,1092.0,1092.0,0,16
30.000000,1092.0,1092.0,0,20
31.000000,1092.0,1092.0,0,20
32.000000,1092.0,1092.0,0,20
33.000000,1092.0,1092.0,0,20
34.000000,1092.0,1092.0,0,20
35.000000,1092.0,1092.0,0,20
36.000000,1092.0,1092.0,0,20
37.000000,1092.0,1092.0,0,20
38.000000,1092.0,1092.0,0,20
39.000000,1092.0,1092.0,0,20
40.000000,1092.0,1092.0,0,4
41.000000,1092.0,1092.0,0,4
42.000000,1092.0,1092.0,0,4
43.000000,1092.0,1092.0,0,4
44.000000,1092.0,1092.0,0,4
45.000000,1092.0,1092.0,0,4
46.000000,1092.0,1092.0,0,4
47.000000,1092.0,1092.0,0,4
48.000000,1092.0,1092.0,0,4
49.000000,1092.0,1092.0,0,4
50.000000,1092.0,1092.0,0,8
51.000000,1092.0,1092.0,0,8
52.000000,1092.0,1092.0,0,8
53.000000,1092.0,1092.0,0,8
54.000000,1092.0,1092.0,0,8
55.000000,1092.0,1092.0,0,8
56.000000,1092.0,1092.0,0,8
57.000000,1092.0,1092.0,0,8
58.000000,1092.0,1092.0,0,8
59.000000,1092.0,1092.0,0,8
60.000000,1092.0,1092.0,0,22
61.000000,1092.0,1092.0,0,22
62.000000,1092.0,1092.0,0,22
63.000000,1092.0,1092.0,0,22
64.000000,1092.0,1092.0,0,22
65.000000,1092.0,1092.0,0,22
66.000000,1092.0,1092.0,0,22
67.000000,1092.0,1092.0,0,22
68.000000,1092.0,1092.0,0,22
69.000000,1092.0,1092.0,0,22
70.000000,1092.0,1092.0,0,2
71.000000,1092.0,1092.0,0,2
72.000000,1092.0,1092.0,0,2
73.000000,1092.0,1092.0,0,2
74.000000,1092.0,1092.0,0,2
75.000000,1092.0,1092.0,0,2
76.000000,1092.0,1092.0,0,2
77.000000,1092.0,1092.0,0,2
78.000000,1092.0,1092.0,0,2
79.000000,1092.0,1092.0,0,2
80.000000,1092.0,1092.0,0,4
81.000000,1092.0,1092.0,0,4
82.000000,1092.0,1092.0,0,4
83.000000,1092.0,1092.0,0,4
84.000000,1092.0,1092.0,0,4
85.000000,1092.0,1092.0,0,4
86.000000,1092.0,1092.0,0,4
87.000000,1092.0,1092.0,0,4
88.000000,1092.0,1092.0,0,4
89.000000,1092.0,1092.0,0,4
90.000000,1092.0,1092.0,0,22
91.000000,1092.0,1092.0,0,22
92.000000,1092.0,1092.0,0,22
93.000000,1092.0,1092.0,0,22
94.000000,1092.0,1092.0,0,22
95.000000,1092.0,1092.0,0,22
96.000000,1092.0,1092.0,0,22
97.000000,1092.0,1092.0,0,22
98.000000,1092.0,1092.0,0,22
99.000000,1092.0,1092.0,0,22
100.000000,1092.0,1092.0,0,13
101.000000,1092.0,1092.0,0,13
102.000000,1092.0,1092.0,0,13
103.000000,1092.0,1092.0,0,13
104.000000,1092.0,1092.0,0,13
105.000000,1092.0,1092.0,0,13
106.000000,1092.0,1092.0,0,13
107.000000,1092.0,1092.0,0,13
108.000000,1092.0,1092.0,0,13
109.000000,1092.0,1092.0,0,13
110.000000,1092.0,1092.0,0,9
111.000000,1092.0,1092.0,0,9
112.000000,1092.0,1092.0,0,9
113.000000,1092.0,1092.0,0,9
114.000000,1092.0,1092.0,0,9
115.000000,1092.0,1092.0,0,9
116.000000,1092.0,1092.0,0,9
117.000000,1092.0,1092.0,0,9
118.000000,1092.0,1092.0,0,9
119.000000,1092.0,1092.0,0,9
120.000000,1092.0,1092.0,0,5
121.000000,1092.0,1092.0,0,5
122.000000,1092.0,1092.0,0,5
123.000000,1092.0,1092.0,0,5
124.000000,1092.0,1092.0,0,5
125.000000,1092.0,1092.0,0,5
126.000000,1092.0,1092.0,0,5
127.000000,1092.0,1092.0,0,5
128.000000,1092.0,1092.0,0,5
129.000000,1092.0,1092.0,0,5
130.000000,1092.0,1092.0,0,18
131.000000,1092.0,1092.0,0,18
132.000000,1092.0,1092.0,0,18
133.000000,1092.0,1092.0,0,18
134.000000,1092.0,1092.0,0,18
135.000000,1092.0,1092.0,0,18
136.000000,1092.0,1092.0,0,18
137.000000,1092.0,1092.0,0,18
138.000000,1092.0,1092.0,0,18
139.000000,1092.0,1092.0,0,18
140.000000,1092.0,1092.0,0,23
141.000000,1092.0,1092.0,0,23
142.000000,1092.0,1092.0,0,23
143.000000,1092.0,1092.0,0,23
144.000000,1092.0,1092.0,0,23
145.000000,1092.0,1092.0,0,23
146.000000,1092.0,1092.0,0,23
147.000000,1092.0,1092.0,0,23
148.000000,1092.0,1092.0,0,23
149.000000,1092.0,1092.0,0,23
150.000000,1092.0,1092.0,1,1
