0,player1,player2,status,focus
0.000000,1100.0,1100.0,0,24
1.000000,1100.0,1100.0,0,24
2.000000,1100.0,1100.0,0,24
3.000000,1100.0,1100.0,0,24
4.000000,1100.0,1100.0,0,24
5.000000,1100.0,1100.0,0,24
6.000000,1100.0,1100.0,0,24
7.000000,1100.0,1100.0,0,24
8.000000,1100.0,1100.0,0,24
9.000000,1100.0,1100.0,0,24
10.000000,1100.0,1100.0,0,12
11.000000,1100.0,1100.0,0,12
12.000000,1100.0,1100.0,0,12
13.000000,1100.0,1100.0,0,12
14.000000,1100.0,1100.0,0,12
15.000000,1100.0,1100.0,0,12
16.000000,1100.0,1100.0,0,12
17.000000,1100.0,1100.0,0,12
18.000000,1100.0,1100.0,0,12
19.000000,1100.0,1100.0,0,12
20.000000,1100.0,1100.0,0,5
21.000000,1100.0,1100.0,0,5
22.000000,1100.0,1100.0,0,5
23.000000,1100.0,1100.0,0,5
24.000000,1100.0,1100.0,0,5
25.000000,1100.0,1100.0,0,5
26.000000,1100.0,1100.0,0,5
27.000000,1100.0,1100.0,0,5
28.000000,1100.0,1100.0,0,5
29.000000,1100.0,1100.0,0,5
30.000000,1100.0,1100.0,0,0
31.000000,1100.0,1100.0,0,0
32.000000,1100.0,1100.0,0,0
33.000000,1100.0,1100.0,0,0
34.000000,1100.0,1100.0,0,0
35.000000,1100.0,1100.0,0,0
36.000000,1100.0,1100.0,0,0
37.000000,1100.0,1100.0,0,0
38.000000,1100.0,1100.0,0,0
39.000000,1100.0,1100.0,0,0
40.000000,1100.0,1100.0,0,10
41.000000,1100.0,1100.0,0,10
42.000000,1100.0,1100.0,0,10
43.000000,1100.0,1100.0,0,10
44.000000,1100.0,1100.0,0,10
45.000000,1100.0,1100.0,0,10
46.000000,1100.0,1100.0,0,10
47.000000,1100.0,1100.0,0,10
48.000000,1100.0,1100.0,0,10
49.000000,1100.0,1100.0,0,10
50.000000,1100.0,1100.0,0,17
51.000000,1100.0,1100.0,0,17
52.000000,1100.0,1100.0,0,17
53.000000,1100.0,1100.0,0,17
54.000000,1100.0,1100.0,0,17
55.000000,1100.0,1100.0,0,17
56.000000,1100.0,1100.0,0,17
57.000000,1100.0,1100.0,0,17
58.000000,1100.0,1100.0,0,17
59.000000,1100.0,1100.0,0,17
60.000000,1100.0,1100.0,0,6
61.000000,1100.0,1100.0,0,6
62.000000,1100.0,1100.0,0,6
63.000000,1100.0,1100.0,0,6
64.000000,1100.0,1100.0,0,6
65.000000,1100.0,1100.0,0,6
66.000000,1100.0,1100.0,0,6
67.000000,1100.0,1100.0,0,6
68.000000,1100.0,1100.0,0,6
69.000000,1100.0,1100.0,0,6
70.000000,1100.0,1100.0,0,12
71.000000,1100.0,1100.0,0,12
72.000000,1100.0,1100.0,0,12
73.000000,1100.0,1100.0,0,12
74.000000,1100.0,1100.0,0,12
75.000000,1100.0,1100.0,0,12
76.000000,1100.0,1100.0,0,12
77.000000,1100.0,1100.0,0,12
78.000000,1100.0,1100.0,0,12
79.000000,1100.0,1100.0,0,12
80.000000,1100.0,1100.0,0,18
81.000000,1100.0,1100.0,0,18
82.000000,1100.0,1100.0,0,18
83.000000,1100.0,1100.0,0,18
84.000000,1100.0,1100.0,0,18
85.000000,1100.0,1100.0,0,18
86.000000,1100.0,1100.0,0,18
87.000000,1100.0,1100.0,0,18
88.000000,1100.0,1100.0,0,18
89.000000,1100.0,1100.0,0,18
90.000000,1100.0,1100.0,0,8
91.000000,1100.0,1100.0,0,8
92.000000,1100.0,1100.0,0,8
93.000000,1100.0,1100.0,0,8
94.000000,1100.0,1100.0,0,8
95.000000,1100.0,1100.0,0,8
96.000000,1100.0,1100.0,0,8
97.000000,1100.0,1100.0,0,8
98.000000,1100.0,1100.0,0,8
99.000000,1100.0,1100.0,0,8
100.000000,1100.0,1100.0,0,24
101.000000,1100.0,1100.0,0,24
102.000000,1100.0,1100.0,0,24
103.000000,1100.0,1100.0,0,24
104.000000,1100.0,1100.0,0,24
105.000000,1100.0,1100.0,0,24
106.000000,1100.0,1100.0,0,24
107.000000,1100.0,1100.0,0,24
108.000000,1100.0,1100.0,0,24
109.000000,1100.0,1100.0,0,24
110.000000,1100.0,1100.0,0,3
111.000000,1100.0,1100.0,0,3
112.000000,1100.0,1100.0,0,3
113.000000,1100.0,1100.0,0,3
114.000000,1100.0,1100.0,0,3
115.000000,1100.0,1100.0,0,3
116.000000,1100.0,1100.0,0,3
117.000000,1100.0,1100.0,0,3
118.000000,1100.0,1100.0,0,3
119.000000,1100.0,1100.0,0,3
120.000000,1100.0,1100.0,0,3
121.000000,1100.0,1100.0,0,3
122.000000,1100.0,1100.0,0,3
123.000000,1100.0,1100.0,0,3
124.000000,1100.0,1100.0,0,3
125.000000,1100.0,1100.0,0,3
126.000000,1100.0,1100.0,0,3
127.000000,1100.0,1100.0,0,3
128.000000,1100.0,1100.0,0,3
129.000000,1100.0,1100.0,0,3
130.000000,1100.0,1100.0,0,2
131.000000,1100.0,1100.0,0,2
132.000000,1100.0,1100.0,0,2
133.000000,1100.0,1100.0,0,2
134.000000,1100.0,1100.0,0,2
135.000000,1100.0,1100.0,0,2
136.000000,1100.0,1100.0,0,2
137.000000,1100.0,1100.0,0,2
138.000000,1100.0,1100.0,0,2
139.000000,1100.0,1100.0,0,2
140.000000,1100.0,1100.0,0,23
141.000000,1100.0,1100.0,0,23
142.000000,1100.0,1100.0,0,23
143.000000,1100.0,1100.0,0,23
144.000000,1100.0,1100.0,0,23
145.000000,1100.0,1100.0,0,23
146.000000,1100.0,1100.0,0,23
147.000000,1100.0,1100.0,0,23
148.000000,1100.0,1100.0,0,23
149.000000,1100.0,1100.0,0,23
150.000000,1100.0,1100.0,1,1
