0,player,node,groups,units,health
4.000000,1,5,[13;13;13;13],[102;108;104;106],[0.8;0.2;0.6;0.8]
4.000000,0,5,[1;1;1;1;1],[8;4;2;1;3],[0.2;0.8;0.8;0.8;0.8]
5.000000,1,5,[13;13;13;13;13],[102;107;105;103;106],[0.6;0.6;0.6;0.6;0.6]
5.000000,0,5,[1;1;1;1],[2;5;7;1],[0.4;0.4;0.6;0.6]
6.000000,1,5,[13;13;13;13;13;13],[106;105;102;103;108;104],[0.2;0.2;0.4;0.4;0.0;0.4]
6.000000,0,5,[1;1;1;1],[3;6;4;5],[0.6;0.0;0.6;0.2]
7.000000,1,5,[13;13;13;13;13],[105;104;101;106;102],[0.0;0.0;0.8;0.0;0.2]
7.000000,0,5,[1;1;1;1],[7;1;3;5],[0.0;0.4;0.4;0.0]
8.000000,1,5,[13;13],[101;103],[0.0;0.2]
8.000000,0,5,[1;1;1],[8;4;3],[0.0;0.4;0.0]
9.000000,1,5,[13;13],[102;103],[0.0;0.0]
9.000000,0,5,[1;1],[2;1],[0.0;0.2]
10.000000,1,5,[13],[107],[0.2]
10.000000,0,5,[1],[1],[0.0]
11.000000,1,5,[13],[107],[0.0]
11.000000,0,5,[1],[4],[0.2]
