0,player1,player2,status,focus
0.000000,1100.0,1100.0,0,22
1.000000,1100.0,1100.0,0,22
2.000000,1100.0,1100.0,0,22
3.000000,1100.0,1100.0,0,22
4.000000,1099.0,1099.0,0,22
5.000000,1098.0,1098.0,0,22
6.000000,1097.0,1097.0,0,22
7.000000,1096.0,1096.0,0,22
8.000000,1095.0,1095.0,0,22
9.000000,1095.0,1095.0,0,22
10.000000,1094.0,1094.0,0,7
11.000000,1094.0,1094.0,0,7
12.000000,1094.0,1094.0,0,7
13.000000,1093.0,1093.0,0,7
14.000000,1093.0,1093.0,0,7
15.000000,1093.0,1093.0,0,7
16.000000,1093.0,1093.0,0,7
17.000000,1093.0,1093.0,0,7
18.000000,1092.0,1092.0,0,7
19.000000,1092.0,1092.0,0,7
20.000000,1092.0,1092.0,0,3
21.000000,1092.0,1092.0,0,3
22.000000,1092.0,1092.0,0,3
23.000000,1092.0,1092.0,0,3
24.000000,1092.0,1092.0,0,3
25.000000,1092.0,1092.0,0,3
26.000000,1092.0,1092.0,0,3
27.000000,1092.0,1092.0,0,3
28.000000,1092.0,1092.0,0,3
29.000000,1092.0,1092.0,0,3
30.000000,1092.0,1092.0,0,14
31.000000,1092.0,1092.0,0,14
32.000000,1092.0,1092.0,0,14
33.000000,1092.0,1092.0,0,14
34.000000,1092.0,1092.0,0,14
35.000000,1092.0,1092.0,0,14
36.000000,1092.0,1092.0,0,14
37.000000,1092.0,1092.0,0,14
38.000000,1092.0,1092.0,0,14
39.000000,1092.0,1092.0,0,14
40.000000,1092.0,1092.0,0,11
41.000000,1092.0,1092.0,0,11
42.000000,1092.0,1092.0,0,11
43.000000,1092.0,1092.0,0,11
44.000000,1092.0,1092.0,0,11
45.000000,1092.0,1092.0,0,11
46.000000,1092.0,1092.0,0,11
47.000000,1092.0,1092.0,0,11
48.000000,1092.0,1092.0,0,11
49.000000,1092.0,1092.0,0,11
50.000000,1092.0,1092.0,0,20
51.000000,1092.0,1092.0,0,20
52.000000,1092.0,1092.0,0,20
53.000000,1092.0,1092.0,0,20
54.000000,1092.0,1092.0,0,20
55.000000,1092.0,1092.0,0,20
56.000000,1092.0,1092.0,0,20
57.000000,1092.0,1092.0,0,20
58.000000,1092.0,1092.0,0,20
59.000000,1092.0,1092.0,0,20
60.000000,1092.0,1092.0,0,5
61.000000,1092.0,1092.0,0,5
62.000000,1092.0,1092.0,0,5
63.000000,1092.0,1092.0,0,5
64.000000,1092.0,1092.0,0,5
65.000000,1092.0,1092.0,0,5
66.000000,1092.0,1092.0,0,5
67.000000,1092.0,1092.0,0,5
68.000000,1092.0,1092.0,0,5
69.000000,1092.0,1092.0,0,5
70.000000,1092.0,1092.0,0,8
71.000000,1092.0,1092.0,0,8
72.000000,1092.0,1092.0,0,8
73.000000,1092.0,1092.0,0,8
74.000000,1092.0,1092.0,0,8
75.000000,1092.0,1092.0,0,8
76.000000,1092.0,1092.0,0,8
77.000000,1092.0,1092.0,0,8
78.000000,1092.0,1092.0,0,8
79.000000,1092.0,1092.0,0,8
80.000000,1092.0,1092.0,0,3
81.000000,1092.0,1092.0,0,3
82.000000,1092.0,1092.0,0,3
83.000000,1092.0,1092.0,0,3
84.000000,1092.0,1092.0,0,3
85.000000,1092.0,1092.0,0,3
86.000000,1092.0,1092.0,0,3
87.000000,1092.0,1092.0,0,3
88.000000,1092.0,1092.0,0,3
89.000000,1092.0,1092.0,0,3
90.000000,1092.0,1092.0,0,5
91.000000,1092.0,1092.0,0,5
92.000000,1092.0,1092.0,0,5
93.000000,1092.0,1092.0,0,5
94.000000,1092.0,1092.0,0,5
95.000000,1092.0,1092.0,0,5
96.000000,1092.0,1092.0,0,5
97.000000,1092.0,1092.0,0,5
98.000000,1092.0,1092.0,0,5
99.000000,1092.0,1092.0,0,5
100.000000,1092.0,1092.0,0,16
101.000000,1092.0,1092.0,0,16
102.000000,1092.0,1092.0,0,16
103.000000,1092.0,1092.0,0,16
104.000000,1092.0,1092.0,0,16
105.000000,1092.0,1092.0,0,16
106.000000,1092.0,1092.0,0,16
107.000000,1092.0,1092.0,0,16
108.000000,1092.0,1092.0,0,16
109.000000,1092.0,1092.0,0,16
110.000000,1092.0,1092.0,0,6
111.000000,1092.0,1092.0,0,6
112.000000,1092.0,1092.0,0,6
113.000000,1092.0,1092.0,0,6
114.000000,1092.0,1092.0,0,6
115.000000,1092.0,1092.0,0,6
116.000000,1092.0,1092.0,0,6
117.000000,1092.0,1092.0,0,6
118.000000,1092.0,1092.0,0,6
119.000000,1092.0,1092.0,0,6
120.000000,1092.0,1092.0,0,10
121.000000,1092.0,1092.0,0,10
122.000000,1092.0,1092.0,0,10
123.000000,1092.0,1092.0,0,10
124.000000,1092.0,1092.0,0,10
125.000000,1092.0,1092.0,0,10
126.000000,1092.0,1092.0,0,10
127.000000,1092.0,1092.0,0,10
128.000000,1092.0,1092.0,0,10
129.000000,1092.0,1092.0,0,10
130.000000,1092.0,1092.0,0,19
131.000000,1092.0,1092.0,0,19
132.000000,1092.0,1092.0,0,19
133.000000,1092.0,1092.0,0,19
134.000000,1092.0,1092.0,0,19
135.000000,1092.0,1092.0,0,19
136.000000,1092.0,1092.0,0,19
137.000000,1092.0,1092.0,0,19
138.000000,1092.0,1092.0,0,19
139.000000,1092.0,1092.0,0,19
140.000000,1092.0,1092.0,0,10
141.000000,1092.0,1092.0,0,10
142.000000,1092.0,1092.0,0,10
143.000000,1092.0,1092.0,0,10
144.000000,1092.0,1092.0,0,10
145.000000,1092.0,1092.0,0,10
146.000000,1092.0,1092.0,0,10
147.000000,1092.0,1092.0,0,10
148.000000,1092.0,1092.0,0,10
149.000000,1092.0,1092.0,0,10
150.000000,1092.0,1092.0,1,15
